100 1681 20
0 1
0 8
0 10
0 11
0 15
0 18
0 19
0 23
0 25
0 30
0 31
0 33
0 37
0 40
0 41
0 49
0 53
0 54
0 57
0 59
0 60
0 63
0 65
0 66
0 68
0 75
0 77
0 85
0 86
0 87
0 89
0 92
0 95
0 98
1 4
1 6
1 11
1 15
1 20
1 23
1 26
1 29
1 31
1 36
1 38
1 41
1 46
1 48
1 50
1 52
1 59
1 61
1 63
1 67
1 68
1 69
1 76
1 81
1 82
1 86
1 88
1 93
1 96
2 4
2 8
2 11
2 13
2 22
2 28
2 31
2 34
2 36
2 40
2 41
2 42
2 45
2 46
2 52
2 53
2 55
2 56
2 57
2 58
2 65
2 69
2 78
2 80
2 81
2 84
2 86
2 88
2 95
3 5
3 14
3 15
3 21
3 22
3 25
3 26
3 32
3 34
3 36
3 38
3 40
3 41
3 43
3 45
3 46
3 47
3 48
3 50
3 51
3 52
3 54
3 56
3 57
3 61
3 62
3 70
3 76
3 82
3 85
3 95
3 97
3 99
4 7
4 11
4 17
4 20
4 21
4 26
4 27
4 29
4 33
4 38
4 40
4 44
4 45
4 48
4 52
4 53
4 57
4 58
4 59
4 62
4 68
4 69
4 70
4 73
4 75
4 83
4 91
4 95
4 96
4 98
5 6
5 7
5 10
5 12
5 16
5 18
5 22
5 23
5 24
5 27
5 28
5 29
5 34
5 41
5 42
5 43
5 48
5 49
5 55
5 56
5 58
5 60
5 62
5 64
5 66
5 67
5 70
5 72
5 73
5 74
5 76
5 79
5 81
5 83
5 85
5 86
5 90
5 91
5 96
5 97
6 7
6 9
6 12
6 14
6 17
6 18
6 22
6 25
6 28
6 33
6 36
6 38
6 40
6 48
6 54
6 58
6 62
6 63
6 65
6 71
6 79
6 83
6 84
6 86
6 88
6 91
6 95
6 98
6 99
7 8
7 9
7 10
7 14
7 16
7 21
7 26
7 27
7 29
7 31
7 34
7 35
7 36
7 39
7 42
7 44
7 49
7 55
7 56
7 58
7 59
7 63
7 64
7 70
7 72
7 73
7 77
7 78
7 80
7 82
7 83
7 84
7 85
7 87
7 89
7 96
8 9
8 13
8 17
8 20
8 24
8 25
8 26
8 27
8 40
8 45
8 49
8 51
8 56
8 59
8 65
8 70
8 71
8 72
8 74
8 75
8 77
8 84
8 86
8 88
8 93
8 94
8 96
8 99
9 11
9 22
9 23
9 26
9 28
9 32
9 36
9 38
9 45
9 46
9 55
9 56
9 57
9 62
9 64
9 65
9 67
9 68
9 74
9 75
9 79
9 86
9 88
9 89
9 92
9 94
9 95
9 98
9 99
10 11
10 13
10 21
10 25
10 26
10 28
10 30
10 35
10 47
10 49
10 50
10 53
10 56
10 57
10 58
10 61
10 63
10 64
10 70
10 72
10 74
10 75
10 77
10 79
10 81
10 83
10 85
10 87
10 89
10 91
10 94
10 98
10 99
11 12
11 14
11 16
11 17
11 18
11 21
11 27
11 30
11 31
11 32
11 36
11 37
11 43
11 44
11 45
11 53
11 55
11 58
11 59
11 60
11 63
11 64
11 70
11 81
11 82
11 83
11 84
11 85
11 89
11 91
11 92
11 93
11 97
12 13
12 14
12 15
12 17
12 18
12 19
12 22
12 24
12 29
12 32
12 34
12 35
12 39
12 42
12 49
12 59
12 68
12 69
12 76
12 77
12 81
12 82
12 86
12 89
12 90
12 96
12 97
13 16
13 18
13 19
13 20
13 27
13 30
13 32
13 34
13 35
13 40
13 43
13 47
13 51
13 54
13 56
13 63
13 64
13 65
13 66
13 69
13 72
13 76
13 80
13 85
13 91
13 95
13 99
14 22
14 33
14 34
14 39
14 49
14 55
14 58
14 60
14 62
14 64
14 66
14 67
14 69
14 70
14 74
14 80
14 82
14 84
14 87
14 88
14 89
14 90
14 91
14 95
15 16
15 17
15 18
15 20
15 23
15 24
15 30
15 46
15 47
15 48
15 51
15 52
15 54
15 57
15 59
15 67
15 69
15 72
15 75
15 76
15 80
15 83
15 84
15 85
15 91
15 93
15 95
16 17
16 19
16 22
16 30
16 32
16 33
16 36
16 48
16 49
16 53
16 55
16 60
16 62
16 65
16 66
16 69
16 72
16 74
16 77
16 78
16 81
16 83
16 84
16 85
16 91
16 95
16 97
16 98
17 20
17 22
17 23
17 25
17 26
17 28
17 30
17 32
17 34
17 36
17 39
17 43
17 48
17 49
17 54
17 55
17 57
17 61
17 68
17 72
17 74
17 78
17 83
17 91
17 96
17 98
17 99
18 20
18 25
18 26
18 28
18 29
18 31
18 34
18 37
18 38
18 45
18 47
18 49
18 50
18 52
18 53
18 54
18 64
18 66
18 67
18 70
18 71
18 74
18 75
18 80
18 81
18 82
18 84
18 91
18 93
18 94
18 96
18 99
19 24
19 25
19 36
19 37
19 39
19 40
19 44
19 46
19 47
19 48
19 49
19 52
19 53
19 55
19 57
19 62
19 63
19 68
19 69
19 76
19 77
19 78
19 82
19 84
19 85
19 86
19 90
19 91
20 21
20 30
20 32
20 43
20 47
20 48
20 51
20 52
20 56
20 61
20 64
20 65
20 69
20 70
20 72
20 74
20 79
20 84
20 85
20 88
20 89
20 90
20 94
20 98
21 22
21 26
21 30
21 35
21 36
21 37
21 42
21 43
21 47
21 58
21 63
21 74
21 75
21 76
21 78
21 81
21 83
21 86
21 87
21 89
21 90
21 98
22 24
22 25
22 26
22 29
22 30
22 36
22 38
22 41
22 43
22 48
22 53
22 60
22 64
22 71
22 73
22 76
22 78
22 80
22 85
22 86
22 89
22 91
22 95
22 97
22 99
23 24
23 26
23 27
23 30
23 32
23 34
23 44
23 45
23 46
23 47
23 51
23 53
23 54
23 57
23 59
23 60
23 61
23 62
23 63
23 64
23 67
23 70
23 72
23 77
23 79
23 83
23 85
23 88
23 90
23 91
23 92
23 96
23 98
24 25
24 27
24 28
24 37
24 41
24 45
24 52
24 59
24 60
24 65
24 70
24 71
24 75
24 76
24 80
24 82
24 83
24 86
24 90
24 91
24 94
25 29
25 32
25 33
25 35
25 41
25 43
25 45
25 46
25 48
25 49
25 51
25 59
25 63
25 67
25 69
25 72
25 73
25 77
25 79
25 81
25 83
25 84
25 88
25 95
25 97
26 28
26 30
26 32
26 33
26 36
26 37
26 39
26 45
26 48
26 49
26 51
26 67
26 72
26 73
26 74
26 75
26 76
26 77
26 82
26 90
26 92
26 94
26 95
26 96
26 98
27 29
27 31
27 34
27 38
27 40
27 42
27 46
27 47
27 48
27 49
27 50
27 52
27 53
27 54
27 57
27 58
27 59
27 60
27 62
27 64
27 67
27 68
27 74
27 80
27 81
27 83
27 86
27 88
27 90
27 94
27 95
27 97
27 98
27 99
28 29
28 32
28 34
28 36
28 39
28 40
28 41
28 42
28 43
28 45
28 47
28 58
28 62
28 63
28 64
28 65
28 70
28 71
28 83
28 84
28 85
28 91
28 93
28 95
29 33
29 45
29 51
29 53
29 59
29 60
29 63
29 67
29 70
29 79
29 81
29 83
29 84
29 94
29 95
29 96
29 97
29 98
30 35
30 39
30 42
30 49
30 51
30 58
30 60
30 67
30 69
30 71
30 72
30 77
30 78
30 79
30 81
30 82
30 83
30 86
30 88
30 89
30 90
30 91
30 94
30 99
31 34
31 35
31 42
31 43
31 45
31 47
31 48
31 52
31 60
31 61
31 64
31 68
31 69
31 72
31 73
31 74
31 77
31 80
31 83
31 85
31 87
31 88
31 91
31 92
31 94
31 95
31 98
31 99
32 42
32 46
32 48
32 50
32 52
32 60
32 61
32 63
32 64
32 65
32 66
32 68
32 72
32 73
32 76
32 78
32 79
32 81
32 83
32 87
32 88
32 90
32 95
32 96
32 97
33 34
33 35
33 36
33 39
33 41
33 43
33 48
33 49
33 50
33 54
33 57
33 59
33 62
33 64
33 69
33 70
33 74
33 78
33 81
33 85
33 86
33 91
33 93
33 94
33 98
34 39
34 43
34 45
34 46
34 47
34 48
34 50
34 52
34 54
34 58
34 59
34 61
34 64
34 67
34 69
34 74
34 77
34 78
34 79
34 82
34 84
34 90
34 92
34 93
34 95
34 96
34 98
35 36
35 43
35 46
35 51
35 55
35 64
35 65
35 73
35 76
35 80
35 81
35 83
35 86
35 87
35 92
35 94
35 95
35 97
36 39
36 42
36 43
36 54
36 55
36 56
36 59
36 62
36 63
36 65
36 67
36 68
36 71
36 75
36 77
36 79
36 84
36 90
36 95
36 99
37 40
37 41
37 44
37 45
37 55
37 61
37 64
37 66
37 68
37 74
37 75
37 76
37 79
37 81
37 85
37 86
37 87
37 92
38 43
38 49
38 52
38 59
38 62
38 63
38 67
38 68
38 76
38 78
38 79
38 82
38 86
38 88
38 99
39 41
39 42
39 43
39 44
39 46
39 47
39 51
39 52
39 59
39 68
39 71
39 72
39 73
39 81
39 89
39 91
39 92
39 94
39 95
39 98
39 99
40 42
40 44
40 45
40 47
40 49
40 55
40 57
40 62
40 68
40 69
40 73
40 74
40 76
40 79
40 81
40 83
40 84
40 87
40 92
40 93
40 94
40 97
40 98
41 43
41 45
41 50
41 51
41 52
41 55
41 58
41 63
41 67
41 72
41 73
41 75
41 77
41 78
41 80
41 83
41 87
41 88
41 89
41 90
41 96
41 98
41 99
42 55
42 56
42 59
42 60
42 66
42 68
42 72
42 74
42 76
42 77
42 82
42 83
42 86
42 87
42 88
42 90
42 92
42 96
42 97
42 98
43 46
43 52
43 53
43 58
43 59
43 61
43 66
43 68
43 69
43 73
43 75
43 81
43 82
43 84
43 86
43 92
43 93
43 96
43 99
44 45
44 49
44 51
44 52
44 55
44 60
44 67
44 79
44 81
44 83
44 84
44 85
44 88
44 90
44 94
44 95
44 99
45 46
45 49
45 51
45 53
45 56
45 59
45 61
45 62
45 65
45 67
45 68
45 73
45 82
45 84
45 91
45 93
45 95
45 96
46 47
46 50
46 52
46 53
46 54
46 56
46 57
46 60
46 62
46 66
46 69
46 72
46 76
46 77
46 78
46 81
46 83
46 84
46 85
46 86
46 89
46 95
46 97
47 50
47 62
47 64
47 65
47 69
47 72
47 87
47 88
47 89
47 91
47 93
47 94
47 96
47 97
47 98
47 99
48 50
48 52
48 57
48 59
48 68
48 73
48 79
48 83
48 92
48 97
49 54
49 55
49 57
49 58
49 60
49 62
49 63
49 64
49 67
49 79
49 80
49 82
49 86
49 89
49 94
49 95
49 98
50 51
50 53
50 56
50 59
50 60
50 63
50 66
50 72
50 74
50 79
50 81
50 87
50 91
50 93
50 95
50 99
51 55
51 59
51 62
51 64
51 65
51 74
51 76
51 79
51 83
51 84
51 85
51 86
51 87
51 89
51 94
51 97
52 61
52 62
52 63
52 64
52 70
52 73
52 77
52 79
52 80
52 85
52 87
52 92
52 93
52 96
53 59
53 62
53 65
53 69
53 76
53 86
53 89
53 90
53 93
53 98
54 55
54 58
54 66
54 70
54 71
54 75
54 76
54 78
54 83
54 84
54 86
54 88
54 90
54 93
54 98
55 57
55 59
55 60
55 61
55 67
55 68
55 69
55 71
55 78
55 85
55 86
55 87
55 94
55 96
55 98
56 57
56 59
56 60
56 61
56 63
56 64
56 66
56 68
56 69
56 71
56 73
56 81
56 83
56 84
56 87
56 88
56 90
56 92
56 93
56 94
57 62
57 65
57 66
57 67
57 68
57 70
57 74
57 79
57 83
57 85
57 90
57 93
57 95
57 96
57 97
58 59
58 65
58 66
58 67
58 68
58 69
58 77
58 82
58 83
58 85
58 87
58 89
58 95
58 96
59 66
59 67
59 71
59 73
59 80
59 83
59 84
59 88
59 92
59 97
60 66
60 73
60 74
60 79
60 80
60 81
60 82
60 84
60 86
60 87
60 90
60 92
61 63
61 68
61 69
61 71
61 73
61 75
61 80
61 81
61 82
61 83
61 86
61 89
61 90
61 92
61 93
61 94
61 95
61 97
61 98
61 99
62 65
62 68
62 73
62 74
62 79
62 83
62 84
62 88
62 93
62 94
62 95
62 97
62 98
62 99
63 65
63 66
63 74
63 75
63 78
63 83
63 85
63 90
63 91
63 92
63 95
63 96
63 99
64 67
64 71
64 79
64 82
64 86
64 87
64 91
64 94
64 95
64 97
64 98
65 67
65 69
65 72
65 73
65 78
65 84
65 85
65 87
65 88
65 94
65 95
65 96
66 70
66 72
66 74
66 81
66 83
66 86
66 91
66 93
66 96
67 70
67 72
67 73
67 80
67 83
67 84
67 87
67 88
67 90
67 92
67 94
67 96
67 99
68 72
68 80
68 82
68 83
68 87
68 95
68 98
68 99
69 71
69 72
69 75
69 76
69 77
69 78
69 79
69 84
69 87
69 88
69 89
70 75
70 78
70 79
70 82
70 91
70 93
70 94
70 95
70 99
71 73
71 75
71 76
71 77
71 78
71 83
71 86
71 89
71 92
71 94
71 95
72 74
72 76
72 80
72 85
72 91
72 92
72 94
72 97
73 74
73 78
73 85
73 87
73 88
73 89
73 91
73 93
73 94
73 97
74 79
74 82
74 84
74 89
74 90
74 93
74 94
74 98
74 99
75 76
75 79
75 83
75 85
75 87
75 89
75 92
75 98
76 82
76 84
76 87
76 91
76 92
76 94
76 97
76 98
76 99
77 79
77 83
77 85
77 88
77 89
77 90
77 93
77 95
77 99
78 80
78 86
78 90
78 94
78 96
78 98
79 83
79 85
79 86
79 91
79 92
79 94
79 96
79 98
80 81
80 83
80 84
80 85
80 86
80 87
80 89
80 91
80 92
80 94
81 82
81 88
81 89
81 92
81 95
81 96
81 98
82 85
82 89
82 91
82 93
82 95
83 87
83 91
83 92
83 95
83 97
84 90
84 94
84 99
85 90
85 91
85 93
86 87
86 88
86 96
86 99
87 89
87 90
87 91
87 94
87 96
87 97
87 98
88 89
88 90
88 97
88 98
89 96
90 91
90 92
90 95
90 98
91 94
91 96
91 97
91 99
92 98
93 96
93 98
94 97
95 99
96 99
97 98
97 99
