1000 4983 5
0 229
0 485
0 726
0 828
0 894
0 955
1 313
1 620
1 677
1 735
1 800
1 807
1 878
1 905
1 911
2 7
2 151
2 173
2 225
2 229
2 340
2 389
2 548
2 712
2 887
3 92
3 298
3 314
3 377
3 409
3 437
3 445
3 515
3 682
3 699
3 787
3 863
3 961
3 975
4 190
4 281
4 455
4 490
4 873
5 64
5 159
5 280
5 450
5 579
5 690
5 772
5 817
5 939
5 941
6 49
6 171
6 277
6 395
6 498
6 531
6 587
6 779
6 916
6 925
7 34
7 225
7 313
7 576
7 592
7 698
7 720
7 732
7 744
7 851
7 965
7 978
8 118
8 197
8 300
8 663
8 666
8 668
8 776
8 803
8 904
8 979
9 186
9 503
9 506
9 654
9 707
9 729
9 776
9 838
9 894
10 15
10 66
10 130
10 254
10 275
10 393
10 519
10 539
10 556
10 677
10 782
10 861
10 880
10 967
10 973
11 20
11 354
11 373
11 564
11 636
11 700
11 785
11 830
12 92
12 119
12 146
12 185
12 296
12 391
12 505
12 552
12 572
12 700
12 720
13 129
13 155
13 299
13 411
13 575
13 595
14 245
14 283
14 301
14 310
14 406
14 733
14 955
14 959
14 968
15 94
15 190
15 217
15 245
15 257
15 263
15 417
15 440
15 551
15 559
15 651
15 667
15 727
15 740
15 833
15 948
15 982
16 41
16 138
16 260
16 361
16 416
16 463
16 590
16 596
17 233
17 262
17 413
17 433
17 571
18 142
18 195
18 374
18 401
18 497
18 504
18 520
19 73
19 143
19 297
19 300
19 379
19 488
19 501
19 883
19 912
19 937
19 959
20 25
20 45
20 179
20 183
20 336
20 352
20 356
20 532
20 554
20 593
20 620
20 660
20 809
20 996
21 145
21 275
21 307
21 437
21 600
21 618
21 669
21 770
22 195
22 203
22 268
22 338
22 430
22 473
22 528
22 553
22 614
22 727
22 903
22 992
23 142
23 145
23 149
23 161
23 217
23 221
23 622
23 829
24 82
24 141
24 265
24 267
24 309
24 347
24 456
24 495
24 640
24 913
25 48
25 167
25 418
25 878
25 965
25 993
26 68
26 85
26 237
26 340
26 584
26 640
27 246
27 248
27 253
27 413
27 482
27 615
27 741
27 749
27 824
27 857
27 901
27 919
28 29
28 81
28 89
28 157
28 164
28 197
28 201
28 250
28 298
28 340
28 432
28 468
28 479
28 517
28 725
28 769
28 813
28 814
29 151
29 275
29 302
29 376
29 386
29 481
29 577
29 679
29 736
29 833
29 893
29 948
30 188
30 251
30 280
30 458
30 501
30 505
30 508
30 639
30 664
30 666
30 743
30 818
31 35
31 72
31 169
31 267
31 286
31 392
31 440
31 570
32 201
32 238
32 320
32 340
32 672
32 681
32 781
32 814
32 875
32 940
32 941
32 955
32 996
33 166
33 194
33 306
33 898
33 995
34 80
34 90
34 95
34 374
34 460
34 614
34 651
34 705
34 709
34 806
34 903
35 47
35 70
35 98
35 110
35 150
35 199
35 614
35 618
35 707
35 993
36 105
36 143
36 188
36 288
36 355
36 693
36 990
37 45
37 103
37 160
37 259
37 304
37 347
37 408
37 615
37 754
37 910
37 940
37 944
37 957
37 992
38 213
38 234
38 464
38 884
38 959
38 989
39 97
39 158
39 164
39 201
39 203
39 433
39 469
39 472
39 521
39 674
39 744
39 764
39 770
39 907
39 909
39 978
40 159
40 174
40 429
40 577
40 631
40 679
40 857
40 906
40 939
40 973
41 124
41 134
41 215
41 231
41 243
41 359
41 578
41 590
41 686
41 802
41 837
41 997
42 174
42 219
42 225
42 245
42 404
42 721
42 856
42 914
42 929
42 937
42 956
42 978
43 112
43 228
43 310
43 373
43 382
43 576
43 662
43 804
43 852
43 904
43 925
44 143
44 277
44 383
44 706
44 759
44 852
44 961
44 983
45 123
45 247
45 252
45 253
45 449
45 692
45 770
45 873
45 910
46 66
46 194
46 300
46 402
46 420
46 454
46 652
46 760
46 892
47 283
47 380
47 570
47 620
47 626
47 823
47 853
47 873
48 60
48 148
48 175
48 288
48 350
48 417
48 693
48 782
48 803
48 844
48 995
49 134
49 193
49 251
49 356
49 454
49 598
49 740
49 985
50 142
50 379
50 386
50 441
50 453
50 494
50 520
50 654
50 802
51 78
51 131
51 168
51 170
51 173
51 253
51 272
51 306
51 352
51 886
51 928
52 74
52 195
52 434
52 539
52 637
52 686
53 135
53 257
53 355
53 417
53 445
53 520
53 703
53 749
53 820
53 861
53 927
54 115
54 139
54 217
54 368
54 418
54 463
54 606
54 719
54 865
54 919
54 980
55 124
55 246
55 345
55 369
55 462
55 486
55 604
55 882
56 276
56 358
56 362
56 404
56 411
56 413
56 608
56 694
56 831
57 392
57 444
57 565
57 591
57 601
57 784
58 104
58 118
58 338
58 401
58 414
58 416
58 650
58 837
58 850
58 865
58 868
58 955
59 253
59 259
59 454
59 570
59 646
59 694
59 716
59 732
59 835
59 857
60 108
60 269
60 300
60 950
61 345
61 544
61 623
61 629
61 706
61 895
62 92
62 158
62 193
62 205
62 267
62 303
62 364
62 368
62 470
62 817
63 68
63 201
63 486
63 578
63 593
63 955
63 980
64 89
64 112
64 330
64 439
64 496
64 638
64 686
64 741
64 911
65 81
65 96
65 246
65 252
65 266
65 405
65 413
65 508
65 517
65 669
65 683
65 773
65 902
65 974
66 151
66 349
66 361
66 402
66 431
66 444
66 586
66 629
66 845
66 941
67 209
67 240
67 337
67 358
67 381
67 451
67 526
67 656
67 791
67 831
67 959
68 124
68 161
68 258
68 333
68 338
68 424
68 527
68 548
68 560
68 565
68 718
68 830
68 846
68 993
69 262
69 599
69 627
69 676
69 681
69 684
69 727
69 823
69 951
69 965
70 242
70 301
70 320
70 346
70 528
70 648
70 881
71 201
71 236
71 469
71 548
71 831
71 964
71 984
72 124
72 237
72 327
72 413
72 633
72 696
72 732
72 934
72 970
73 185
73 221
73 302
73 464
73 506
73 598
73 715
73 876
73 952
73 974
74 135
74 136
74 210
74 288
74 292
74 392
74 406
74 411
74 427
74 430
74 608
74 609
74 622
74 669
74 734
74 783
74 823
75 126
75 198
75 454
75 482
75 577
75 641
75 689
75 896
75 960
76 155
76 233
76 388
76 538
76 678
76 893
76 946
77 114
77 153
77 164
77 182
77 233
77 319
77 701
77 820
77 903
78 276
78 472
78 622
78 794
78 802
78 961
79 80
79 110
79 113
79 137
79 152
79 166
79 235
79 358
79 395
79 571
79 717
79 845
79 849
79 990
80 115
80 234
80 245
80 333
80 556
80 734
80 747
80 904
80 984
81 181
81 200
81 256
81 273
81 295
81 385
81 464
81 490
81 520
81 592
81 629
81 638
81 648
81 712
81 762
81 885
81 896
81 932
81 963
81 966
82 196
82 224
82 310
82 442
82 682
82 766
82 911
83 330
83 632
83 646
83 776
83 870
83 946
83 997
84 283
84 356
84 401
84 656
84 688
84 806
84 859
84 932
84 961
85 110
85 175
85 197
85 416
85 455
85 567
85 618
85 762
85 852
85 940
85 968
86 135
86 189
86 401
86 483
86 504
86 539
86 548
86 680
86 822
86 871
86 963
87 93
87 129
87 248
87 571
87 629
87 801
87 822
87 852
87 876
88 211
88 299
88 331
88 421
88 450
88 527
88 535
88 763
88 944
88 991
89 99
89 300
89 426
89 444
89 619
89 756
89 781
89 835
89 845
89 875
89 967
90 115
90 119
90 300
90 310
90 321
90 444
90 446
90 453
90 659
90 733
90 770
90 875
90 958
91 349
91 355
91 387
91 494
91 557
91 605
91 800
91 830
91 918
92 307
92 459
92 482
92 564
92 572
92 639
92 746
92 869
93 323
93 325
93 445
93 449
93 457
93 508
93 617
93 628
93 697
93 709
93 729
93 862
94 101
94 152
94 187
94 232
94 247
94 281
94 308
94 428
94 753
95 229
95 321
95 395
95 449
95 585
95 666
95 668
95 674
95 709
96 125
96 166
96 525
96 528
96 646
96 689
96 731
96 758
96 841
96 897
96 918
97 136
97 141
97 213
97 373
97 384
97 644
97 646
97 721
97 753
97 855
97 893
97 962
98 184
98 302
98 507
98 514
98 593
98 601
98 635
98 681
98 879
98 953
98 975
99 172
99 244
99 276
99 291
99 348
99 478
99 627
99 714
99 800
99 903
99 926
99 936
99 964
100 200
100 217
100 289
100 361
100 376
100 472
100 539
100 593
100 635
100 698
100 717
100 804
100 894
101 166
101 232
101 241
101 327
101 484
101 853
101 957
102 195
102 199
102 263
102 553
102 686
102 855
102 937
103 433
103 500
103 689
103 874
103 953
103 964
104 203
104 222
104 310
104 383
104 439
104 513
104 557
105 119
105 180
105 378
105 459
105 500
105 503
105 542
105 662
105 674
105 695
105 829
105 845
105 886
105 909
105 997
106 210
106 284
106 346
106 348
106 559
106 881
107 542
107 632
107 674
107 768
107 773
108 125
108 242
108 427
108 466
108 512
108 538
108 614
109 173
109 221
109 371
109 401
109 601
109 652
109 873
110 202
110 233
110 240
110 357
110 501
110 618
110 683
110 752
110 792
110 820
110 904
110 906
111 286
111 298
111 428
111 433
111 570
111 857
111 864
111 885
112 185
112 201
112 430
112 529
112 557
112 568
112 764
112 824
112 857
113 243
113 271
113 393
113 405
113 437
113 578
113 596
113 815
113 954
114 139
114 169
114 207
114 299
114 429
114 611
114 613
114 855
114 859
114 873
114 934
115 169
115 420
115 468
115 475
115 482
115 651
115 659
115 791
115 834
115 925
115 935
115 955
115 967
115 982
115 985
116 136
116 179
116 333
116 537
116 653
116 734
116 771
116 915
117 178
117 303
117 367
117 498
117 673
117 875
118 155
118 282
118 391
118 870
118 998
119 151
119 263
119 272
119 515
119 556
119 868
120 158
120 464
120 667
120 693
120 704
120 789
120 996
121 399
121 409
121 520
121 618
121 812
121 994
122 181
122 317
122 381
122 541
122 596
122 644
122 673
122 679
122 880
122 969
123 316
123 437
123 441
123 508
123 862
123 888
123 990
124 329
124 533
124 535
124 701
124 807
125 265
125 388
125 419
125 468
125 760
125 782
126 157
126 173
126 356
126 652
126 808
126 832
126 862
126 904
127 140
127 150
127 216
127 256
127 460
127 561
127 706
127 832
127 836
127 888
127 931
128 142
128 372
128 600
128 898
128 930
128 938
128 979
128 991
129 214
129 282
129 302
129 506
129 529
129 654
129 731
129 796
129 860
129 935
129 942
130 175
130 233
130 542
130 640
130 720
130 841
131 141
131 387
131 566
131 601
131 768
131 799
131 910
132 296
132 389
132 485
132 495
132 627
132 801
132 807
132 845
132 904
132 955
132 981
133 297
133 375
133 532
133 639
133 640
133 663
133 689
133 731
133 989
134 309
134 455
134 465
134 487
134 535
134 557
134 786
134 898
134 954
135 137
135 141
135 574
135 602
135 645
135 736
135 744
135 839
136 215
136 227
136 235
136 397
136 458
136 497
136 623
136 654
136 666
136 828
136 981
136 989
137 184
137 210
137 254
137 363
137 519
137 614
137 760
137 870
138 197
138 345
138 597
138 663
138 692
138 808
138 859
138 879
139 158
139 514
139 589
139 941
140 403
140 404
140 487
140 510
140 716
140 800
140 829
141 376
141 427
141 607
141 638
141 911
141 939
142 145
142 193
142 218
142 257
142 416
142 433
142 479
142 494
142 587
142 623
142 677
142 741
142 851
142 991
143 189
143 307
143 379
143 587
143 687
143 854
144 313
144 480
144 497
144 545
144 588
144 649
144 816
144 831
144 918
144 956
144 976
145 220
145 351
145 394
145 442
145 575
145 668
145 705
145 769
145 850
146 338
146 388
146 606
146 766
146 845
146 974
147 246
147 289
147 318
147 391
147 433
147 577
147 711
147 717
147 736
147 880
148 195
148 384
148 399
148 420
148 442
148 526
149 211
149 230
149 457
149 557
149 793
149 976
150 239
150 323
150 399
150 407
150 512
150 744
150 969
150 997
151 324
151 499
151 538
151 810
151 844
151 949
152 232
152 423
152 515
152 698
152 832
152 947
153 187
153 226
153 375
153 742
153 763
153 884
154 263
154 267
154 275
154 428
154 576
154 889
154 970
154 991
155 247
155 254
155 371
155 492
155 533
155 573
155 745
155 948
155 993
156 220
156 288
156 729
156 791
156 840
156 847
157 191
157 303
157 388
157 400
157 496
157 640
157 650
157 712
157 734
157 898
158 312
158 379
158 506
158 552
158 568
158 736
158 751
158 793
158 808
158 988
159 238
159 335
159 382
159 472
159 589
159 625
159 809
159 920
159 965
159 983
160 293
160 380
160 452
160 510
160 644
160 713
161 676
161 752
161 878
161 914
161 918
162 339
162 356
162 432
162 486
162 604
162 699
162 996
163 236
163 374
163 557
163 674
163 751
163 771
163 823
163 860
163 915
163 996
164 227
164 273
164 301
164 379
164 488
164 608
164 615
164 688
164 691
164 839
164 856
164 974
165 194
165 338
165 405
165 430
165 507
165 544
165 727
165 823
165 884
165 912
165 969
166 201
166 347
166 350
166 371
166 552
166 713
166 750
166 753
167 192
167 275
167 386
167 467
167 838
167 895
167 939
168 233
168 261
168 264
168 370
168 556
168 723
168 753
168 763
168 780
168 995
169 224
169 269
169 424
169 461
169 969
169 977
170 207
170 239
170 260
170 294
170 329
170 394
170 430
170 558
170 648
170 664
170 671
170 723
170 777
170 837
170 906
170 973
171 195
171 316
171 321
171 571
171 651
171 659
171 758
172 188
172 236
172 291
172 311
172 424
172 472
172 558
172 622
172 675
172 835
173 241
173 347
173 354
173 369
173 400
173 746
173 781
173 895
173 921
174 180
174 261
174 375
174 660
174 695
174 818
174 907
175 177
175 211
175 258
175 259
175 290
175 310
175 318
175 532
175 567
175 611
175 678
175 731
175 759
175 829
175 832
175 836
175 901
175 925
175 960
176 218
176 357
176 486
176 600
176 746
176 893
176 971
177 209
177 216
177 229
177 238
177 382
177 510
177 628
177 641
177 790
177 796
177 827
177 986
178 210
178 391
178 460
178 462
178 473
178 684
178 787
178 800
178 899
178 949
179 202
179 286
179 431
179 507
179 715
179 772
179 888
179 912
180 184
180 254
180 379
180 396
180 422
180 488
180 624
180 658
180 726
180 777
180 900
180 937
181 487
181 577
181 629
181 747
181 795
181 823
182 427
182 451
182 580
182 755
182 824
182 843
182 895
182 914
183 575
183 683
183 739
183 794
183 875
183 931
183 973
183 987
184 266
184 280
184 295
184 305
184 519
184 776
184 811
184 847
184 897
184 988
185 220
185 261
185 302
185 472
185 623
185 677
185 768
185 779
185 960
185 997
185 998
186 256
186 299
186 384
186 392
186 476
186 484
186 511
186 518
186 533
186 535
186 644
186 676
186 705
186 757
186 841
186 937
186 987
187 288
187 349
187 386
187 392
187 499
187 843
187 891
188 215
188 273
188 523
188 552
188 686
188 722
188 861
188 892
188 983
188 987
189 204
189 415
189 430
189 550
189 845
190 193
190 242
190 318
190 604
190 716
190 872
190 923
190 937
190 968
191 209
191 210
191 219
191 265
191 460
191 495
191 514
191 890
191 905
191 954
191 971
191 999
192 320
192 387
192 424
192 538
192 694
192 765
192 857
193 569
193 606
193 665
193 682
193 699
193 710
193 769
193 884
194 277
194 332
194 681
194 805
194 857
194 869
195 277
195 649
195 792
195 997
196 386
196 475
196 703
196 725
196 780
196 812
196 847
196 923
197 224
197 414
197 610
197 693
197 888
197 921
197 945
197 962
197 986
198 268
198 442
198 593
198 641
198 826
198 828
198 930
199 201
199 497
199 623
199 707
200 341
200 473
200 621
200 637
200 714
200 796
200 826
201 294
201 710
201 778
202 368
202 429
202 583
202 670
202 695
202 804
202 854
203 205
203 403
203 420
203 581
203 833
204 403
204 712
204 749
204 846
204 879
205 250
205 291
205 650
205 869
205 916
206 222
206 300
206 333
206 336
206 354
206 510
206 531
206 565
206 651
206 742
206 792
207 343
207 415
207 420
207 542
207 564
207 919
207 929
208 364
208 567
208 643
208 717
208 796
208 852
209 229
209 276
209 360
209 406
209 499
209 565
209 579
209 794
209 796
209 862
209 981
210 237
210 408
210 435
210 480
210 492
210 521
210 546
210 583
210 586
210 587
210 670
210 704
210 755
210 918
210 971
210 977
211 287
211 497
211 538
211 789
211 892
211 920
211 992
212 262
212 434
212 465
212 470
212 498
212 531
212 564
212 639
212 798
212 911
212 949
213 324
213 421
213 422
213 469
213 780
213 784
213 876
213 971
214 378
214 398
214 477
214 502
214 554
214 782
214 817
214 875
214 968
214 989
215 360
215 461
215 484
215 516
215 548
215 633
215 639
215 720
215 790
215 860
216 308
216 449
216 592
216 927
217 619
217 816
217 847
218 220
218 369
218 380
218 500
218 532
218 550
218 792
218 795
219 257
219 486
219 504
219 526
219 694
219 949
219 983
220 244
220 359
220 409
220 642
220 660
220 838
220 915
221 416
221 420
221 456
221 479
221 497
221 551
221 629
221 646
221 713
221 763
221 911
221 937
221 950
221 960
222 235
222 408
222 415
222 417
222 479
222 590
222 680
222 727
222 806
222 826
222 871
223 305
223 420
223 442
223 569
223 826
223 867
223 919
223 978
224 293
224 521
224 600
224 613
224 707
224 887
224 928
225 258
225 453
225 671
226 238
226 380
226 514
226 614
226 652
226 664
226 837
226 915
227 315
227 477
227 644
227 790
227 797
227 843
227 862
227 961
228 290
228 351
228 377
228 418
228 504
228 754
228 883
229 327
229 600
229 609
229 663
229 763
230 295
230 579
230 935
230 978
231 311
231 669
231 854
231 905
231 913
231 981
231 994
232 237
232 266
232 308
232 478
232 481
232 527
232 624
232 847
233 400
233 437
233 483
233 624
233 627
233 635
233 806
233 808
234 300
234 466
234 479
234 553
234 574
234 623
234 739
234 790
235 250
235 502
235 519
235 547
235 651
235 672
235 694
235 716
235 739
235 903
236 427
236 577
236 618
236 626
236 634
236 708
236 736
236 856
237 443
237 468
237 516
237 558
237 884
237 993
238 334
238 396
238 506
238 645
238 907
238 993
239 263
239 509
239 577
239 849
239 874
239 884
240 241
240 464
240 518
240 687
240 824
240 954
241 249
241 301
241 314
241 530
241 656
241 776
241 957
242 295
242 767
242 769
242 797
242 900
243 358
243 635
243 740
243 871
243 880
244 312
244 337
244 537
244 732
244 946
245 308
245 360
245 367
245 411
245 616
245 627
245 838
245 940
246 634
246 637
246 691
246 748
246 793
246 866
246 895
247 289
247 407
247 638
247 667
247 713
247 821
248 340
248 343
248 351
248 368
248 518
248 856
248 858
248 877
248 878
249 424
249 553
249 769
249 796
249 997
250 328
250 511
250 519
250 548
250 672
250 726
250 805
250 830
251 333
251 353
251 497
251 840
251 971
252 258
252 351
252 471
252 538
252 562
252 758
253 317
253 331
253 458
253 499
253 504
253 617
253 680
253 786
253 959
253 992
254 386
254 392
254 395
254 424
254 454
254 478
254 520
254 562
254 581
254 618
254 713
254 745
255 269
255 383
255 454
255 463
255 653
255 701
255 854
256 367
256 550
256 617
256 661
256 753
256 893
256 943
257 313
257 391
257 402
257 453
257 480
257 490
257 530
257 565
257 645
257 671
257 712
257 829
257 866
257 972
258 260
258 446
258 653
258 880
259 339
259 485
259 522
259 562
259 766
259 855
259 966
260 269
260 411
260 626
260 673
260 859
260 968
261 707
261 785
261 869
261 934
262 363
262 450
262 555
262 707
262 753
262 837
263 313
263 391
263 577
263 739
263 802
264 314
264 414
264 602
264 639
264 746
264 756
264 959
264 975
265 443
265 552
265 617
265 718
265 971
266 301
266 382
266 447
266 479
266 582
266 618
266 638
266 643
266 794
266 937
266 985
267 798
268 475
268 542
268 659
269 289
269 391
269 428
269 503
269 989
270 463
270 477
270 695
270 758
270 866
271 277
271 434
271 466
271 489
271 495
271 692
271 871
272 402
272 434
272 472
272 571
272 579
272 586
272 602
272 609
272 629
272 713
272 736
272 739
272 771
272 911
272 914
272 960
273 330
273 624
273 923
274 318
274 457
274 810
274 914
274 945
274 955
275 300
275 530
275 548
275 642
275 880
275 986
276 354
276 368
276 619
276 657
276 748
276 980
277 428
277 509
277 541
277 721
277 727
277 908
277 937
277 947
278 327
278 352
278 381
278 402
278 413
278 470
278 564
278 568
278 582
278 811
278 820
278 857
278 889
279 401
279 483
279 805
279 816
279 939
280 281
280 572
280 685
280 726
280 798
280 997
281 381
281 513
281 605
281 721
281 725
281 727
281 730
281 811
281 850
281 883
281 915
281 941
282 342
282 393
282 415
282 466
282 506
282 540
282 541
282 703
282 849
282 870
283 325
283 490
283 526
283 528
283 630
284 336
284 525
284 558
284 582
284 613
284 662
284 765
284 967
285 477
285 489
285 532
285 576
285 659
285 781
285 816
285 930
286 287
286 353
286 422
286 445
286 501
286 535
286 585
286 760
286 772
286 784
286 807
286 897
287 377
287 428
287 447
287 528
287 533
287 734
287 916
287 945
287 987
288 319
288 327
288 354
288 372
288 397
288 521
288 547
288 581
288 848
289 480
289 563
289 607
289 613
289 618
289 740
289 845
289 864
289 894
289 897
290 348
290 363
290 490
290 627
290 680
290 802
290 838
290 985
291 337
291 351
291 570
291 909
292 295
292 440
292 452
292 620
292 789
293 317
293 372
293 445
293 513
293 776
294 403
294 427
294 470
294 559
294 606
294 720
294 752
294 806
294 815
294 994
295 364
295 483
295 850
295 874
295 917
295 945
296 336
296 489
296 949
297 368
297 463
297 670
297 751
297 765
297 805
297 826
297 878
298 303
298 382
298 424
298 529
298 648
298 738
299 308
299 400
299 451
299 496
299 503
299 522
299 588
299 591
299 618
299 622
299 876
299 945
299 994
299 996
300 350
300 403
300 469
300 622
300 753
300 882
300 971
301 437
301 585
301 634
301 660
301 895
302 352
302 388
302 433
302 645
302 694
302 789
302 894
302 919
302 959
303 522
303 547
303 569
303 861
304 679
304 735
304 739
304 778
304 805
304 865
304 867
305 310
305 571
305 574
305 602
305 996
306 411
306 421
306 769
306 791
306 810
306 817
306 903
307 398
307 599
307 625
307 645
307 698
307 727
307 763
307 841
307 859
307 969
308 321
308 382
308 554
308 577
308 642
308 832
308 876
309 452
309 719
309 768
309 781
309 791
309 901
309 917
309 937
310 368
310 403
310 429
310 511
310 535
310 575
310 657
310 738
310 778
310 804
310 811
310 878
311 400
311 439
311 443
311 636
311 838
311 859
312 344
312 389
312 616
312 921
313 331
313 408
313 535
313 590
313 598
313 855
313 864
313 985
314 353
314 423
314 426
314 478
314 491
314 500
314 575
314 590
314 727
314 797
314 937
314 949
315 556
315 635
315 649
315 743
315 986
316 351
316 494
316 500
316 755
316 841
317 334
317 538
317 568
317 614
317 666
317 863
317 993
318 399
318 751
318 795
318 830
318 833
318 900
318 911
318 969
319 320
319 405
319 535
319 616
319 713
319 765
319 874
319 957
320 427
320 473
320 681
320 951
321 367
321 647
321 834
321 921
321 967
322 360
322 470
322 597
322 665
322 686
322 736
322 798
322 827
323 485
323 580
323 588
323 635
323 753
323 769
323 776
323 942
323 963
324 349
324 467
324 550
324 582
324 612
324 629
324 834
324 851
324 862
325 398
325 435
325 586
325 604
325 628
325 938
326 327
326 340
326 604
326 710
326 829
326 940
326 992
327 354
327 416
327 434
327 663
327 975
328 381
328 745
328 769
328 839
328 865
329 461
329 556
329 592
329 595
329 674
329 689
329 729
329 996
330 350
330 366
330 409
330 447
330 609
330 633
330 863
330 867
330 955
330 983
330 985
331 485
331 545
331 629
331 649
331 741
331 761
331 775
331 865
331 879
332 461
332 489
332 520
332 562
332 610
332 665
332 691
332 722
332 756
332 872
332 885
333 342
333 353
333 368
333 474
333 521
333 527
333 644
333 663
333 785
333 815
333 823
334 582
334 617
334 725
334 947
335 471
335 562
335 615
335 658
335 931
336 461
336 510
336 733
336 785
336 829
336 899
336 970
336 992
337 382
337 386
337 747
337 875
337 903
337 934
337 964
337 993
338 368
338 503
338 768
338 890
339 342
339 354
339 370
339 586
339 601
339 606
339 632
339 633
339 738
339 822
339 928
339 991
340 416
340 635
340 640
340 850
341 353
341 672
341 793
341 817
341 935
342 424
342 472
342 518
342 657
342 901
342 970
342 986
343 512
343 533
343 663
343 795
343 883
344 373
344 555
344 694
344 719
344 802
344 870
344 897
345 520
345 541
345 571
345 573
345 580
345 802
345 834
345 870
346 424
346 451
346 462
346 506
346 738
346 914
346 972
347 482
347 493
347 531
347 578
347 586
347 731
347 820
348 398
348 498
348 619
348 685
348 693
348 778
348 831
348 848
348 852
348 916
349 507
349 515
349 591
349 620
349 706
349 822
349 944
350 365
350 380
350 461
350 976
351 674
351 691
351 701
351 756
352 380
352 523
352 692
352 823
352 826
352 836
353 394
353 409
353 479
353 567
353 682
353 685
353 807
353 818
353 884
354 515
354 714
354 798
355 456
355 594
355 676
355 679
355 917
355 940
356 450
356 640
356 935
356 999
357 383
357 401
357 548
357 588
357 618
357 681
357 748
357 927
357 960
357 961
358 600
358 649
358 997
359 360
359 370
359 551
359 566
359 585
359 599
359 758
359 823
359 904
359 993
360 403
360 643
360 683
360 863
361 519
361 559
361 659
361 997
362 640
362 688
362 703
362 823
362 856
363 513
363 534
363 680
363 839
363 991
364 491
364 774
364 884
364 886
364 887
364 904
364 906
364 958
365 623
365 720
365 778
365 916
366 482
366 571
366 583
366 697
366 844
366 859
366 865
366 871
366 878
366 879
367 531
367 642
367 796
367 826
367 991
368 475
368 561
368 602
368 841
368 853
369 391
369 805
369 854
370 416
370 426
370 451
370 535
370 601
370 665
371 461
371 479
371 551
371 588
371 637
371 725
371 749
371 758
371 889
371 950
372 445
372 469
372 518
372 544
372 558
372 754
372 755
372 789
372 909
372 910
373 408
373 440
373 934
373 948
374 379
374 506
374 619
374 750
375 486
375 507
375 652
375 851
375 861
375 945
376 437
376 628
376 822
376 829
376 836
376 914
376 928
376 954
376 962
377 585
377 763
377 802
378 489
378 532
378 581
378 706
378 842
378 858
379 416
379 437
379 661
379 711
379 954
379 991
380 795
381 440
381 660
381 765
381 889
381 916
381 950
381 953
382 416
382 470
382 502
382 535
382 541
382 559
382 664
382 684
382 717
382 730
382 776
382 813
383 429
383 520
383 660
383 755
383 793
383 801
383 942
383 954
384 682
384 914
385 504
385 808
385 911
385 972
386 422
386 439
386 440
386 567
386 629
386 704
386 826
386 840
386 841
386 916
386 951
387 403
387 440
387 545
387 654
387 655
387 802
387 983
388 475
388 517
388 608
388 706
389 459
389 496
389 518
389 530
389 572
389 904
389 978
390 459
390 695
390 715
390 779
390 822
390 876
390 883
390 940
391 451
391 500
391 509
391 603
391 761
391 816
391 841
392 445
392 513
392 753
392 872
393 410
393 750
393 820
393 837
394 408
394 411
394 459
394 778
394 867
394 948
395 432
395 604
395 653
396 654
396 760
396 842
396 926
396 996
397 416
397 452
397 653
397 694
397 768
397 877
397 955
398 404
398 417
398 557
398 669
398 671
398 788
398 860
398 943
399 434
399 436
399 845
400 482
400 678
400 954
401 442
401 605
401 696
401 751
401 840
401 877
401 940
402 492
402 603
402 655
403 406
403 423
403 498
403 711
403 800
403 835
403 999
404 464
404 780
404 950
405 473
405 656
405 666
405 720
405 902
406 479
406 812
406 984
407 573
407 575
407 595
407 603
407 660
407 677
407 715
407 726
407 834
407 996
408 490
408 708
408 793
408 795
408 870
408 891
408 996
409 539
409 545
409 789
410 704
410 753
410 811
410 839
410 949
410 976
410 984
411 526
411 661
411 723
411 736
411 876
411 991
412 521
412 561
412 605
412 734
412 762
412 773
412 774
412 989
413 463
413 778
413 884
413 909
413 935
414 417
414 623
414 929
414 964
415 450
415 477
415 544
415 554
415 590
415 650
415 685
415 855
415 980
416 427
416 444
416 471
416 485
416 593
416 612
416 750
416 812
416 826
416 841
416 892
416 971
416 992
417 487
417 572
417 787
417 803
417 838
417 958
417 974
418 549
418 624
418 667
418 754
418 808
418 887
418 932
418 942
418 990
419 447
419 553
419 577
419 592
419 879
419 903
419 926
420 457
420 464
420 489
420 537
420 596
420 776
420 857
420 952
421 436
421 498
421 751
421 754
422 564
423 511
423 584
423 626
423 851
423 897
423 917
424 519
424 551
424 587
424 603
424 671
424 691
424 770
424 812
424 854
424 908
424 972
425 565
425 802
425 806
425 831
425 863
426 653
426 798
426 825
426 834
426 862
426 920
426 989
427 690
427 802
427 813
427 816
427 994
428 431
428 537
428 638
428 651
428 681
428 965
428 976
429 481
429 545
429 635
429 730
429 756
429 888
429 911
429 956
430 543
430 578
430 579
430 802
430 809
430 820
430 833
430 860
430 974
430 997
431 837
431 870
431 873
431 983
432 629
432 997
433 499
433 523
433 598
433 662
433 679
433 705
433 736
433 797
433 908
433 926
434 446
434 478
434 523
434 578
434 711
434 939
434 959
435 529
435 721
435 759
435 823
436 586
436 647
436 707
436 802
436 868
437 645
437 734
437 742
437 926
437 995
438 454
438 689
438 701
438 826
438 874
438 965
439 599
439 603
439 753
439 802
439 820
439 848
439 904
440 510
440 540
440 661
440 811
440 919
441 729
441 742
441 783
441 801
441 842
442 512
442 570
442 713
442 723
442 738
442 864
442 990
443 511
443 694
443 711
443 719
444 449
444 619
444 687
444 753
444 794
444 995
445 475
445 485
445 522
445 625
445 772
445 811
445 833
446 500
446 720
446 731
446 750
446 853
446 928
446 972
446 984
447 523
447 526
447 571
447 606
447 627
447 710
447 849
447 880
447 906
448 649
448 673
448 924
448 967
448 991
449 500
449 604
449 773
449 940
449 953
449 959
449 966
449 975
449 995
450 474
450 532
450 583
450 673
450 749
450 788
450 885
451 462
451 731
451 757
452 485
452 509
452 555
452 562
452 881
452 962
452 969
452 982
453 460
453 514
453 564
453 600
453 607
453 675
453 706
453 899
453 983
454 485
454 582
454 610
454 694
454 713
454 966
455 466
455 799
455 871
455 876
456 496
456 823
456 968
456 988
457 754
457 787
458 621
458 844
458 988
459 651
459 755
459 828
459 881
459 957
460 461
460 927
460 977
461 510
461 594
461 614
461 724
461 737
461 893
462 827
463 480
463 804
463 857
464 513
464 849
464 953
465 679
465 912
465 943
465 990
466 487
466 596
466 773
466 782
466 784
466 972
466 995
467 472
467 506
467 568
467 703
467 706
467 813
467 928
467 962
468 630
468 633
469 473
469 818
470 529
470 754
470 871
471 489
471 520
471 674
471 813
471 857
472 490
472 515
472 676
472 801
472 914
472 915
472 975
472 988
473 495
473 551
473 892
474 614
474 820
474 825
474 919
474 940
475 566
475 770
475 819
476 526
476 535
476 604
476 793
476 861
476 882
477 538
477 598
477 616
477 742
477 853
478 528
478 592
478 601
478 728
478 819
478 828
478 949
479 510
479 525
479 530
479 665
479 699
479 751
479 801
479 825
480 566
480 603
480 655
480 657
480 700
480 786
480 792
480 984
481 549
481 557
481 613
481 718
481 826
482 589
482 646
482 673
482 723
482 808
482 829
482 938
482 940
482 985
483 555
483 686
483 799
483 858
483 951
483 964
484 675
484 767
484 815
484 868
485 562
485 598
485 698
485 777
485 827
485 840
485 861
486 496
486 653
486 665
486 700
486 814
486 874
487 727
487 736
487 829
487 868
488 636
488 744
488 803
488 806
488 913
488 915
488 953
488 957
488 972
489 500
489 552
489 580
489 657
489 700
489 758
489 783
489 842
489 871
489 935
490 500
490 630
490 656
490 698
490 753
490 902
491 578
491 616
491 677
491 740
491 860
491 931
492 500
492 769
492 843
492 888
492 965
493 612
493 684
493 689
493 817
493 819
493 990
494 585
494 947
495 502
495 618
495 684
496 632
496 660
496 901
496 996
496 998
497 633
497 653
497 719
497 790
497 982
497 988
498 530
498 555
499 512
499 576
499 593
499 717
499 718
499 929
499 960
500 754
501 680
501 843
501 865
501 894
502 573
503 762
503 771
503 784
503 864
503 945
503 994
504 529
504 823
504 925
505 617
505 681
505 755
505 799
505 827
505 951
506 586
506 755
506 995
507 957
507 977
508 547
508 643
508 859
509 644
509 713
509 902
509 909
509 979
510 523
510 591
510 626
510 676
510 861
511 799
511 960
511 998
512 557
512 558
512 750
513 619
513 627
513 688
513 695
513 737
513 867
513 871
513 984
514 529
514 702
514 738
514 805
514 836
514 938
515 609
515 751
515 844
516 630
516 641
516 649
516 745
516 805
516 810
516 930
517 694
517 723
517 816
517 892
518 950
519 573
519 608
519 744
519 778
519 894
519 926
519 931
520 617
520 626
520 707
520 841
520 844
521 565
521 575
521 690
521 739
521 810
521 937
522 699
522 790
522 943
523 622
523 742
523 856
523 897
523 940
524 529
524 530
524 535
524 689
524 739
524 775
525 748
525 812
525 844
526 588
526 852
527 778
528 587
529 721
529 742
529 818
529 948
530 558
530 604
530 605
530 678
530 705
530 712
531 670
531 838
532 574
533 689
533 831
533 935
533 961
533 992
534 561
534 760
534 801
534 823
534 928
535 679
535 702
535 750
535 809
535 822
535 913
535 975
536 568
536 680
536 693
536 767
536 801
536 906
537 606
537 627
537 770
537 860
537 886
537 969
537 986
538 788
538 920
539 542
539 560
539 759
539 777
539 902
540 623
540 802
540 903
540 910
540 952
540 976
541 713
541 809
541 995
542 594
542 675
542 787
542 795
542 867
542 972
543 625
543 639
543 916
543 937
543 943
543 953
544 647
544 653
544 735
544 834
544 889
544 899
545 619
545 665
545 980
546 578
546 632
546 638
546 951
546 957
546 993
547 558
547 563
547 591
547 682
547 687
547 729
547 785
548 562
548 585
548 691
548 697
548 754
548 848
548 930
548 984
549 657
549 746
549 756
549 821
549 868
549 892
549 936
550 571
550 574
550 652
550 906
551 600
551 716
551 773
552 689
553 612
553 636
553 646
553 752
553 821
553 828
554 633
554 783
554 807
555 884
555 981
556 797
556 854
556 878
557 582
557 718
557 726
557 775
557 776
557 837
557 969
557 982
558 661
558 667
558 775
558 794
558 874
558 880
558 907
558 930
558 933
558 948
558 994
559 658
559 672
559 905
560 587
560 616
560 711
560 723
560 861
561 614
561 662
561 897
562 571
562 619
562 645
562 729
562 742
562 866
562 905
562 910
562 976
563 622
563 700
563 735
563 859
563 967
564 603
564 671
564 724
564 793
564 979
565 636
565 637
565 736
565 744
565 821
565 854
565 900
565 937
566 594
566 623
566 671
566 734
566 748
566 791
566 869
566 884
566 970
566 986
567 607
567 636
567 651
567 690
567 800
567 814
567 830
567 840
568 624
568 655
568 782
568 971
569 635
569 689
569 995
570 613
570 676
570 913
571 765
571 961
572 681
572 828
572 916
573 695
573 705
573 744
573 751
574 861
574 884
575 633
575 640
575 721
575 835
575 847
576 585
576 779
576 786
577 582
577 614
577 646
577 726
577 817
577 910
577 915
577 922
578 716
578 863
578 987
579 717
579 854
580 765
580 985
581 597
581 671
581 680
581 729
581 929
582 626
582 631
582 824
582 864
582 887
583 599
583 711
583 761
583 789
583 947
584 626
584 633
584 711
584 734
584 778
584 792
585 606
585 614
585 616
585 627
585 805
585 849
585 954
586 605
586 966
587 660
587 733
587 868
587 899
587 960
587 964
587 987
588 676
588 740
588 836
589 730
589 969
590 688
590 730
591 855
591 890
591 952
591 959
591 965
592 617
592 637
592 685
592 838
592 977
593 597
593 790
593 811
593 859
593 883
593 927
594 648
594 709
594 724
594 920
595 678
595 964
596 676
596 801
596 836
596 924
596 994
597 618
597 663
597 771
597 988
598 724
598 838
599 600
599 672
599 821
599 837
600 788
600 897
601 665
601 667
601 732
601 864
602 637
602 702
602 766
602 915
603 696
603 745
603 804
603 934
603 988
604 684
604 842
604 857
604 920
605 628
605 686
605 748
605 976
606 882
607 686
607 724
608 820
608 888
608 914
608 937
608 971
610 782
610 894
611 663
611 726
611 781
611 915
612 638
612 939
612 963
613 650
613 686
613 706
613 901
613 902
613 930
613 992
614 678
614 680
614 698
614 852
614 896
615 712
615 825
615 829
615 835
615 923
616 809
617 701
617 806
617 908
618 642
618 810
618 912
620 698
620 747
620 867
621 673
621 679
621 692
621 728
621 764
621 813
622 719
622 815
622 875
622 895
622 957
623 733
623 794
623 845
623 964
624 632
624 679
624 733
624 900
625 665
625 743
625 853
625 898
625 982
626 772
627 971
628 650
628 654
628 786
628 997
629 700
629 861
629 960
630 705
630 746
630 751
630 840
630 928
631 642
631 647
631 671
631 749
631 852
631 881
632 663
632 764
632 871
632 913
632 946
633 684
633 695
633 767
634 786
634 793
634 859
635 662
635 948
635 977
636 798
638 666
638 922
638 977
638 979
639 879
640 703
640 858
641 689
641 768
641 866
642 818
642 830
642 870
642 918
642 981
643 686
643 989
644 772
644 849
644 880
644 895
644 904
645 736
645 813
645 829
645 954
646 769
646 774
646 801
646 837
646 881
647 657
648 925
649 696
649 720
649 774
649 889
650 690
650 761
650 826
651 759
651 999
652 681
653 767
653 814
653 982
654 722
654 803
654 822
654 979
655 738
655 743
655 786
655 855
655 920
656 774
657 858
657 879
657 968
657 971
658 719
658 835
658 985
659 687
659 694
659 804
659 819
659 884
659 981
659 993
660 697
660 702
660 922
661 662
661 708
661 774
661 873
662 704
662 734
662 869
662 916
663 924
663 953
664 693
664 699
664 716
664 734
664 833
664 867
664 923
664 953
664 966
665 699
665 748
665 785
665 855
665 964
666 745
666 783
666 872
666 995
667 834
667 840
668 792
668 823
668 824
668 848
668 869
668 955
669 681
669 699
669 710
669 732
669 929
670 730
670 860
670 946
671 758
671 788
671 825
671 848
671 875
671 934
671 967
672 756
672 776
673 735
673 750
673 757
673 904
673 944
674 829
674 854
674 860
675 703
676 963
677 807
677 862
677 889
677 896
678 739
678 750
678 757
678 849
678 925
678 956
679 881
679 923
679 956
680 705
680 871
680 936
681 712
681 776
681 848
681 851
682 823
682 889
682 933
683 829
683 886
683 914
683 987
683 996
684 839
684 905
685 970
686 706
686 774
686 955
687 841
688 979
689 698
689 717
689 804
689 901
690 812
690 815
690 873
690 967
690 989
691 705
692 758
692 809
692 812
693 925
693 951
694 817
694 871
694 960
694 985
695 945
695 979
696 732
696 737
696 759
696 762
697 723
697 773
697 855
697 945
697 961
697 997
698 815
698 911
698 969
699 846
700 713
702 710
702 779
702 941
702 973
703 708
703 734
703 737
703 907
703 925
704 782
705 720
705 776
705 963
706 730
706 924
706 949
706 993
707 828
707 945
708 802
708 814
708 895
708 941
709 801
709 806
709 814
710 887
710 898
710 917
710 999
711 839
711 992
712 871
712 888
712 918
713 882
713 926
713 940
713 991
714 764
714 768
714 841
714 938
714 945
715 781
715 896
716 775
716 854
716 877
716 960
716 961
717 816
717 950
718 897
718 980
720 831
720 949
721 805
721 963
722 727
722 840
722 982
723 896
724 743
724 766
724 777
726 764
726 889
726 892
727 737
727 914
727 984
728 788
728 805
728 835
728 886
728 961
728 994
729 753
729 770
729 903
729 958
729 975
730 924
731 964
732 740
732 746
732 783
732 902
733 756
734 781
734 881
734 902
734 908
734 921
735 766
735 805
735 858
735 930
735 947
736 776
736 921
736 939
737 967
739 944
740 768
740 927
740 992
741 754
741 852
741 972
741 973
743 812
743 851
743 852
743 934
744 757
744 971
745 763
745 817
745 915
746 772
746 986
747 834
747 858
749 872
749 963
749 988
750 989
751 757
752 776
752 846
752 991
752 996
753 859
754 914
754 997
756 825
756 968
758 807
758 819
758 826
758 889
758 910
758 932
758 996
759 825
759 912
759 939
759 952
760 954
761 772
761 875
761 894
761 913
761 999
762 852
762 871
763 772
763 877
763 943
763 964
764 849
766 781
766 813
766 999
767 791
767 834
767 976
768 771
768 800
769 816
769 832
769 900
769 996
770 771
770 786
770 817
770 967
772 824
773 891
773 958
774 908
775 798
775 888
775 977
777 783
777 790
777 911
778 788
778 829
779 830
779 930
779 937
780 841
780 860
781 784
781 829
781 838
781 860
781 933
781 943
781 981
782 909
782 996
784 906
784 922
785 860
785 902
787 796
787 879
787 892
787 953
787 957
788 810
789 863
789 949
790 822
791 852
792 806
792 813
792 822
793 809
793 828
794 936
794 937
794 939
796 811
797 874
797 984
798 971
799 808
799 913
800 804
800 891
800 954
801 827
801 956
801 964
801 994
802 838
802 889
802 929
802 940
802 973
802 995
802 996
803 873
803 879
803 924
803 983
804 891
804 964
805 912
805 926
805 934
807 927
808 826
808 842
808 939
809 828
809 916
811 966
811 987
813 933
813 994
815 919
816 841
817 884
817 957
818 951
819 834
821 823
822 880
823 876
824 975
825 996
826 846
826 964
827 849
827 895
827 972
828 907
828 909
828 924
828 937
828 950
828 968
829 866
829 898
829 948
829 998
830 943
832 855
832 907
833 847
833 923
833 988
834 935
836 952
837 857
837 873
838 971
838 989
839 895
841 932
841 939
841 991
842 956
843 909
845 851
847 947
849 857
850 891
850 949
851 993
852 948
853 856
853 889
854 920
855 903
857 873
857 953
858 884
858 977
860 943
862 931
862 949
863 921
863 960
864 935
865 890
865 922
865 936
866 947
868 975
869 972
871 960
872 949
873 886
873 915
873 944
874 900
876 926
876 944
877 908
878 896
878 980
879 963
880 916
881 889
881 908
882 954
884 903
884 935
885 971
885 991
886 892
886 936
886 995
889 892
889 971
890 925
890 929
892 933
892 942
895 942
897 965
898 913
898 940
898 941
898 943
902 996
907 911
912 970
913 927
913 984
913 994
915 993
916 988
916 994
917 956
919 924
919 979
921 998
922 930
922 937
922 997
925 952
929 954
932 995
935 979
936 964
937 983
939 950
939 960
940 976
945 980
946 991
948 971
949 991
954 975
956 958
957 997
958 960
959 967
961 989
963 978
963 979
965 975
976 983
976 998
977 995
