100 480 5
0 4
0 6
0 10
0 12
0 18
0 21
0 26
0 37
0 44
0 47
0 61
0 68
0 79
0 80
0 90
0 93
1 10
1 39
1 45
1 77
1 85
1 99
2 10
2 30
2 34
2 39
2 43
2 52
2 71
2 86
2 97
3 19
3 26
3 45
3 55
3 60
3 87
3 90
4 6
4 11
4 28
4 39
4 46
4 53
4 80
5 24
5 30
5 35
5 41
5 53
5 60
5 83
5 86
5 94
6 10
6 11
6 28
6 37
6 44
6 52
6 71
6 77
6 79
6 84
6 98
7 20
7 22
7 25
7 39
7 47
7 49
7 56
7 59
7 82
7 88
8 41
8 48
8 65
8 69
8 74
8 85
9 28
9 45
9 51
9 70
9 74
10 11
10 15
10 17
10 23
10 38
10 40
10 42
11 22
11 46
11 47
11 58
11 59
11 78
11 80
11 88
12 17
12 32
12 39
12 57
12 58
12 60
13 24
13 40
13 57
13 68
13 72
13 83
13 88
14 27
14 50
14 59
14 67
14 73
14 79
14 96
15 26
15 27
15 38
15 45
15 46
15 48
15 58
15 64
15 71
15 72
15 77
15 83
15 86
15 88
15 95
15 96
16 24
16 27
16 35
16 38
16 44
16 57
16 93
16 95
17 18
17 23
17 63
17 66
17 69
17 72
17 78
17 84
17 98
18 29
18 40
18 41
18 42
18 44
18 49
18 56
18 59
18 68
18 82
18 95
19 28
19 33
19 34
19 36
19 37
19 56
19 59
19 82
19 94
19 98
19 99
20 30
20 32
20 41
20 96
20 98
21 22
21 23
21 28
21 47
21 53
21 75
21 88
22 28
22 36
22 65
22 76
22 81
22 95
23 77
23 79
23 84
23 94
23 99
24 25
24 40
24 41
24 50
24 54
24 64
24 68
24 89
25 28
25 60
25 62
25 97
26 33
26 39
26 43
26 55
26 57
26 67
26 70
26 73
26 75
26 82
26 91
27 44
27 69
27 82
28 33
28 56
28 72
28 74
28 76
28 77
28 96
28 97
29 34
29 52
29 81
29 82
29 92
30 37
30 54
30 55
30 73
30 75
30 79
30 82
30 99
31 33
31 38
31 49
31 50
31 52
31 57
31 60
31 66
31 68
31 70
31 86
32 33
32 38
32 40
32 43
32 44
32 60
32 63
32 84
32 87
32 90
33 35
33 49
33 61
33 67
33 69
33 92
34 39
34 42
34 59
34 61
34 78
34 80
34 98
35 47
35 78
35 81
35 89
35 92
36 45
36 67
36 78
36 80
36 81
36 83
36 85
36 92
37 40
37 42
37 44
37 45
37 53
37 74
37 91
38 55
38 60
38 67
38 70
38 71
38 79
38 86
39 57
39 58
39 99
40 50
40 56
40 69
40 78
40 79
40 88
40 94
41 45
41 56
41 65
41 73
41 82
42 70
42 78
42 87
43 73
43 80
43 92
44 63
44 75
44 82
45 48
45 51
45 63
45 75
45 87
45 90
45 99
46 72
46 74
46 76
46 86
47 53
47 83
47 87
47 91
47 93
47 94
48 49
48 55
48 61
48 62
48 78
48 80
48 85
48 86
48 88
48 97
49 52
49 54
49 57
49 58
49 62
49 82
50 59
50 75
50 76
50 81
50 82
50 90
51 53
51 54
51 61
51 62
51 66
51 69
51 90
52 54
52 56
52 82
52 86
52 98
52 99
53 62
53 82
53 92
54 78
54 85
54 99
55 65
55 74
56 70
56 77
56 87
56 90
56 91
57 63
57 65
57 74
57 82
57 90
57 98
58 62
58 76
58 90
58 93
58 94
59 60
59 82
59 89
59 93
59 94
60 66
60 76
60 89
62 66
62 69
62 71
62 82
62 85
63 66
63 67
63 77
64 65
64 66
64 84
65 76
65 81
66 72
66 80
66 93
66 99
67 84
67 87
67 94
68 80
68 87
68 96
69 71
69 97
70 80
70 84
70 87
71 88
71 94
72 84
72 88
73 79
73 81
73 83
73 95
74 79
74 96
75 90
76 82
77 82
80 81
80 84
80 86
80 97
80 99
81 88
81 92
82 86
82 91
82 93
82 94
82 99
83 94
83 98
85 96
86 89
86 91
87 98
87 99
89 96
89 98
92 94
92 95
96 99
