100 904 10
0 5
0 6
0 16
0 24
0 41
0 69
0 71
0 74
0 79
0 80
0 82
0 85
0 88
0 90
0 94
1 5
1 8
1 13
1 25
1 26
1 29
1 40
1 47
1 52
1 62
1 74
1 75
1 78
1 87
1 90
2 7
2 19
2 22
2 29
2 33
2 52
2 53
2 54
2 57
2 61
2 62
2 63
2 64
2 74
2 78
2 79
2 80
2 84
2 89
2 91
3 13
3 15
3 17
3 22
3 23
3 42
3 48
3 52
3 57
3 64
3 65
3 69
3 81
3 83
3 84
3 98
4 11
4 13
4 25
4 41
4 43
4 48
4 49
4 59
4 70
4 80
4 95
4 99
5 23
5 26
5 35
5 36
5 38
5 41
5 43
5 48
5 52
5 61
5 66
5 75
5 77
5 78
5 82
5 84
5 85
5 87
5 90
5 92
6 8
6 16
6 21
6 27
6 31
6 57
6 58
6 64
6 69
6 80
6 85
6 88
6 91
6 96
7 10
7 16
7 18
7 37
7 60
7 63
7 74
7 76
7 77
7 81
7 83
7 84
7 92
7 95
8 9
8 14
8 25
8 29
8 33
8 46
8 49
8 57
8 60
8 62
8 69
8 72
8 74
8 82
8 94
9 21
9 22
9 23
9 29
9 31
9 36
9 38
9 52
9 63
9 65
9 69
9 72
9 93
9 95
10 21
10 22
10 25
10 27
10 36
10 39
10 42
10 46
10 49
10 58
10 60
10 65
10 72
10 78
10 80
10 89
10 92
11 16
11 20
11 27
11 28
11 30
11 40
11 41
11 46
11 48
11 50
11 53
11 57
11 61
11 64
11 72
11 78
12 25
12 31
12 37
12 43
12 47
12 54
12 59
12 67
12 70
12 73
12 78
12 82
12 91
12 93
12 95
12 96
13 35
13 36
13 37
13 41
13 49
13 54
13 60
13 68
13 84
13 94
13 95
13 99
14 31
14 34
14 38
14 45
14 50
14 57
14 58
14 59
14 61
14 65
14 68
14 75
14 77
14 81
14 82
14 85
14 88
14 91
15 20
15 22
15 23
15 25
15 34
15 53
15 54
15 67
15 75
15 81
15 87
15 93
15 94
15 95
15 99
16 29
16 32
16 37
16 38
16 50
16 55
16 56
16 64
16 66
16 70
16 76
16 80
16 85
16 86
16 89
16 95
16 97
17 27
17 28
17 30
17 31
17 33
17 34
17 39
17 49
17 52
17 61
17 64
17 68
17 82
17 84
17 88
17 90
17 93
17 96
18 19
18 21
18 27
18 28
18 32
18 41
18 46
18 48
18 49
18 52
18 53
18 62
18 64
18 67
18 68
18 74
18 82
18 83
18 84
18 91
18 94
18 96
18 98
19 25
19 47
19 51
19 52
19 55
19 60
19 65
19 70
19 72
19 74
19 79
19 81
19 90
19 91
19 93
19 94
19 98
20 21
20 25
20 27
20 34
20 47
20 49
20 50
20 54
20 57
20 63
20 65
20 67
20 72
20 75
20 76
20 86
20 94
21 24
21 25
21 30
21 31
21 51
21 52
21 55
21 58
21 59
21 65
21 73
21 82
21 85
21 92
21 93
21 96
22 26
22 35
22 40
22 41
22 43
22 44
22 45
22 46
22 50
22 59
22 63
22 64
22 73
22 74
22 79
22 85
22 87
22 88
22 98
23 34
23 35
23 36
23 57
23 59
23 63
23 75
23 78
23 83
23 88
23 92
23 93
24 25
24 33
24 37
24 48
24 50
24 56
24 65
24 72
24 79
25 29
25 31
25 55
25 66
25 70
25 72
25 75
25 80
25 81
25 82
25 91
25 92
25 96
26 37
26 38
26 39
26 45
26 51
26 57
26 60
26 61
26 81
26 93
26 98
27 29
27 32
27 49
27 50
27 54
27 55
27 57
27 61
27 64
27 69
27 70
27 75
27 84
27 85
27 86
27 89
27 95
27 99
28 31
28 34
28 43
28 52
28 60
28 63
28 70
28 72
28 75
28 83
28 85
28 88
28 89
28 93
28 94
28 95
29 32
29 59
29 65
29 66
29 68
29 82
29 87
29 93
30 32
30 39
30 55
30 63
30 69
30 73
30 89
30 91
30 92
30 95
31 33
31 46
31 49
31 51
31 55
31 57
31 61
31 62
31 65
31 66
31 67
31 74
31 79
31 82
31 85
31 92
31 96
32 39
32 43
32 47
32 51
32 52
32 54
32 55
32 73
32 75
32 85
32 88
32 90
33 35
33 43
33 46
33 56
33 58
33 60
33 70
33 75
33 86
33 93
33 97
33 99
34 37
34 44
34 45
34 63
34 75
34 78
34 88
34 97
34 99
35 36
35 42
35 44
35 46
35 47
35 57
35 58
35 62
35 67
35 70
35 72
35 84
35 89
35 94
35 95
36 40
36 52
36 53
36 55
36 56
36 61
36 63
36 94
37 39
37 46
37 51
37 56
37 57
37 60
37 63
37 75
37 78
37 80
37 81
37 84
37 94
38 39
38 44
38 46
38 53
38 58
38 64
38 65
38 69
38 74
38 76
38 82
38 88
39 42
39 52
39 54
39 56
39 57
39 60
39 70
39 74
39 88
39 90
39 92
39 96
39 99
40 42
40 44
40 47
40 53
40 64
40 73
40 74
40 77
40 87
40 89
40 91
40 95
40 98
41 46
41 60
41 62
41 66
41 67
41 78
41 81
41 96
41 98
42 44
42 46
42 50
42 52
42 53
42 59
42 70
42 71
42 79
42 81
42 83
42 85
42 87
42 94
43 47
43 63
43 64
43 66
43 76
43 85
43 91
43 92
43 93
44 56
44 57
44 60
44 64
44 66
44 68
44 73
44 75
44 76
44 80
44 98
45 49
45 54
45 59
45 64
45 66
45 73
45 74
45 78
45 84
45 88
45 89
45 92
46 48
46 57
46 64
46 65
46 72
46 82
46 89
46 98
46 99
47 50
47 51
47 53
47 68
47 82
47 91
47 92
47 94
47 97
48 63
48 74
48 75
48 82
48 84
48 90
48 91
48 96
49 51
49 52
49 56
49 67
49 72
49 75
49 84
49 87
49 92
50 52
50 55
50 60
50 71
50 79
50 81
51 63
51 68
51 72
51 73
51 75
51 81
51 82
51 90
51 96
52 53
52 57
52 63
52 72
52 83
52 86
52 87
52 88
53 60
53 76
53 80
53 84
53 89
54 57
54 59
54 60
54 63
54 74
54 77
54 85
54 88
54 90
54 95
55 65
55 67
55 72
55 87
55 88
55 92
55 94
55 98
56 58
56 77
56 79
56 81
56 90
56 91
56 92
56 93
56 99
57 65
57 69
57 74
57 77
57 78
57 83
57 98
58 73
58 74
58 77
58 92
58 95
58 96
59 60
59 62
59 71
59 75
59 81
59 82
59 84
59 99
60 62
60 64
60 69
60 75
60 89
61 63
61 66
61 70
61 75
61 80
61 82
61 83
61 88
61 92
61 94
61 96
62 65
62 69
62 92
63 70
63 73
63 76
63 79
63 85
63 87
63 95
64 65
64 66
64 67
64 71
64 72
64 78
64 90
65 66
65 73
65 89
65 99
66 69
66 77
66 79
66 85
67 68
67 84
67 86
67 90
67 91
68 73
68 76
68 78
68 82
68 85
68 97
68 99
69 70
69 76
69 77
69 78
69 79
69 83
69 91
69 94
69 98
70 72
70 75
70 81
70 85
70 90
70 91
70 92
70 97
71 75
71 80
71 85
71 92
71 95
71 99
72 73
72 76
72 80
73 75
73 78
73 84
73 92
73 93
73 95
74 77
74 85
74 96
75 79
75 82
75 92
75 93
75 97
76 77
76 83
76 91
77 78
77 79
77 81
77 84
77 89
77 98
78 85
78 87
78 91
78 97
79 81
79 84
79 86
79 97
79 99
80 87
80 88
80 90
80 91
81 89
81 99
82 85
82 97
82 98
84 97
85 91
85 92
85 96
85 97
86 91
86 94
86 99
87 92
87 93
87 95
87 96
87 97
88 89
88 94
88 95
88 99
89 99
91 93
95 98
98 99
