1000 9910 10
0 10
0 43
0 172
0 192
0 222
0 239
0 254
0 265
0 276
0 382
0 425
0 566
0 603
0 608
0 624
0 717
0 798
0 939
1 8
1 16
1 83
1 132
1 140
1 141
1 193
1 296
1 342
1 347
1 363
1 400
1 432
1 525
1 685
1 729
1 867
1 976
2 76
2 123
2 128
2 154
2 234
2 289
2 357
2 386
2 421
2 640
2 686
2 761
2 788
2 844
2 906
2 970
3 50
3 66
3 151
3 155
3 173
3 209
3 224
3 245
3 281
3 360
3 386
3 417
3 559
3 581
3 715
3 734
3 859
4 18
4 47
4 106
4 124
4 194
4 249
4 264
4 268
4 289
4 336
4 372
4 389
4 399
4 464
4 514
4 590
4 621
4 691
4 714
4 771
4 856
4 985
5 22
5 35
5 77
5 110
5 116
5 123
5 221
5 268
5 287
5 294
5 301
5 381
5 481
5 548
5 588
5 722
5 818
5 862
5 866
5 964
6 58
6 99
6 165
6 234
6 276
6 281
6 302
6 313
6 340
6 352
6 463
6 497
6 530
6 588
6 657
6 664
6 694
6 695
6 790
6 809
6 952
7 30
7 74
7 76
7 125
7 154
7 159
7 177
7 188
7 263
7 307
7 334
7 381
7 417
7 428
7 542
7 633
7 670
7 696
7 708
7 759
7 781
7 881
7 909
8 19
8 67
8 73
8 84
8 280
8 291
8 303
8 326
8 335
8 336
8 456
8 462
8 464
8 484
8 486
8 566
8 609
8 708
8 775
8 797
8 825
8 944
8 947
9 25
9 129
9 167
9 249
9 274
9 280
9 303
9 418
9 437
9 482
9 502
9 521
9 541
9 545
9 572
9 575
9 587
9 590
9 610
9 658
9 678
9 715
9 722
9 745
9 792
9 827
9 838
9 853
9 909
9 915
9 942
9 960
10 36
10 61
10 69
10 71
10 74
10 135
10 224
10 233
10 264
10 285
10 300
10 336
10 339
10 343
10 344
10 459
10 463
10 481
10 487
10 531
10 556
10 605
10 641
10 837
10 911
10 959
10 961
11 119
11 121
11 123
11 182
11 206
11 366
11 380
11 429
11 460
11 503
11 540
11 659
11 731
11 735
11 744
11 802
11 839
11 867
11 998
12 35
12 50
12 79
12 233
12 245
12 334
12 419
12 478
12 523
12 569
12 579
12 592
12 609
12 655
12 667
12 768
12 837
13 24
13 64
13 101
13 111
13 123
13 186
13 200
13 204
13 213
13 235
13 299
13 307
13 368
13 399
13 417
13 463
13 490
13 518
13 560
13 589
13 595
13 626
13 635
13 769
13 779
13 793
13 814
13 818
13 861
13 876
13 919
13 942
13 949
13 976
13 995
14 23
14 105
14 107
14 145
14 166
14 324
14 444
14 461
14 485
14 491
14 501
14 539
14 551
14 605
14 620
14 650
14 712
14 821
14 874
14 901
14 913
14 940
15 43
15 160
15 260
15 270
15 294
15 314
15 326
15 374
15 399
15 458
15 464
15 516
15 540
15 615
15 751
15 801
15 823
15 900
15 921
15 927
15 951
16 44
16 58
16 73
16 90
16 171
16 200
16 229
16 307
16 314
16 354
16 369
16 382
16 388
16 442
16 512
16 525
16 526
16 547
16 561
16 609
16 668
16 704
16 773
16 857
16 881
16 901
16 975
16 979
17 68
17 80
17 85
17 133
17 266
17 270
17 322
17 414
17 440
17 532
17 592
17 684
17 742
17 947
17 973
18 26
18 28
18 92
18 105
18 194
18 261
18 327
18 352
18 403
18 691
18 703
18 753
18 791
18 799
18 808
18 809
18 837
18 841
18 872
18 901
18 922
18 924
18 948
19 40
19 114
19 147
19 160
19 217
19 220
19 266
19 291
19 301
19 409
19 500
19 621
19 684
19 705
19 750
19 901
19 945
19 952
20 27
20 33
20 43
20 74
20 94
20 184
20 206
20 242
20 276
20 288
20 321
20 322
20 371
20 409
20 436
20 476
20 512
20 534
20 538
20 577
20 609
20 620
20 630
20 685
20 697
20 735
20 737
20 742
20 787
20 854
20 906
20 933
20 971
21 38
21 73
21 94
21 115
21 151
21 164
21 165
21 192
21 204
21 249
21 401
21 475
21 488
21 574
21 652
21 723
21 732
21 836
21 852
21 914
21 937
22 56
22 57
22 71
22 200
22 268
22 305
22 347
22 395
22 472
22 488
22 495
22 548
22 549
22 631
22 696
22 720
22 722
22 800
22 804
22 957
23 35
23 113
23 346
23 373
23 462
23 495
23 497
23 551
23 572
23 591
23 804
23 820
23 844
23 845
23 850
23 865
23 866
23 915
23 922
23 977
24 51
24 61
24 94
24 99
24 137
24 164
24 173
24 221
24 280
24 345
24 387
24 391
24 394
24 395
24 448
24 449
24 540
24 566
24 584
24 608
24 639
24 728
24 768
24 865
24 892
24 939
24 951
25 203
25 238
25 411
25 437
25 449
25 451
25 538
25 541
25 692
25 716
25 816
25 859
25 916
25 996
25 998
26 36
26 80
26 106
26 121
26 141
26 184
26 206
26 214
26 255
26 268
26 273
26 304
26 309
26 400
26 519
26 525
26 673
26 676
26 829
26 854
26 864
26 878
26 889
26 899
27 73
27 100
27 142
27 182
27 183
27 275
27 297
27 358
27 364
27 376
27 394
27 477
27 545
27 556
27 628
27 629
27 645
27 651
27 815
27 879
28 71
28 80
28 91
28 115
28 119
28 169
28 236
28 292
28 298
28 436
28 531
28 566
28 594
28 600
28 612
28 681
28 831
28 836
28 920
28 936
28 951
28 959
28 986
29 33
29 53
29 65
29 114
29 116
29 119
29 162
29 211
29 225
29 354
29 386
29 451
29 499
29 504
29 711
29 756
29 772
29 827
29 941
29 951
29 959
30 49
30 81
30 103
30 117
30 156
30 217
30 406
30 421
30 446
30 487
30 493
30 515
30 680
30 682
30 706
30 724
30 795
30 815
30 986
31 77
31 98
31 114
31 170
31 269
31 293
31 361
31 369
31 372
31 379
31 421
31 426
31 518
31 568
31 644
31 789
31 844
31 867
31 879
31 946
31 963
31 980
32 76
32 140
32 158
32 172
32 279
32 313
32 434
32 570
32 660
32 673
32 740
32 771
32 785
32 931
32 940
33 111
33 172
33 226
33 286
33 319
33 326
33 341
33 465
33 562
33 672
33 792
33 798
33 842
33 851
33 864
33 942
33 986
33 987
34 37
34 47
34 99
34 144
34 154
34 165
34 212
34 221
34 398
34 444
34 495
34 532
34 588
34 594
34 604
34 722
35 65
35 91
35 191
35 376
35 392
35 417
35 442
35 551
35 616
35 630
35 703
35 740
35 758
35 774
35 775
35 820
35 840
35 849
35 926
35 965
36 45
36 120
36 249
36 295
36 366
36 393
36 417
36 601
36 688
36 707
36 783
36 821
36 865
36 872
36 878
36 940
36 979
37 40
37 304
37 396
37 398
37 425
37 568
37 570
37 677
37 765
37 823
37 887
37 890
37 898
37 997
38 120
38 140
38 147
38 164
38 167
38 289
38 347
38 358
38 369
38 372
38 390
38 468
38 469
38 479
38 556
38 562
38 566
38 624
38 650
38 697
38 727
38 731
38 762
38 798
38 845
38 884
38 928
39 90
39 209
39 242
39 265
39 377
39 643
39 677
39 749
39 754
39 810
39 876
39 907
39 949
39 961
39 976
39 987
40 185
40 402
40 422
40 603
40 674
40 690
40 736
40 773
40 841
40 892
40 982
40 993
40 994
40 996
41 92
41 120
41 133
41 199
41 243
41 262
41 308
41 370
41 420
41 569
41 573
41 619
41 630
41 633
41 638
41 643
41 662
41 713
41 728
41 870
41 881
42 77
42 79
42 91
42 185
42 210
42 234
42 290
42 408
42 489
42 516
42 599
42 604
42 650
42 674
42 824
42 926
43 50
43 85
43 152
43 218
43 226
43 248
43 316
43 470
43 625
43 628
43 657
43 743
43 785
43 809
43 883
43 899
43 924
43 958
43 990
43 993
44 72
44 140
44 275
44 283
44 316
44 401
44 414
44 456
44 480
44 581
44 696
44 723
44 734
44 761
44 822
44 853
44 892
44 899
44 912
45 149
45 299
45 315
45 368
45 390
45 429
45 498
45 538
45 559
45 668
45 856
45 923
45 944
45 983
46 97
46 172
46 262
46 311
46 354
46 367
46 414
46 433
46 454
46 552
46 615
46 695
46 722
46 783
46 819
46 854
46 858
46 910
46 919
46 990
46 994
47 76
47 77
47 128
47 184
47 225
47 228
47 308
47 327
47 370
47 381
47 385
47 490
47 523
47 539
47 553
47 603
47 618
47 624
47 639
47 858
47 880
47 882
47 922
48 61
48 88
48 195
48 267
48 432
48 532
48 554
48 589
48 650
48 656
48 772
48 806
48 854
48 883
48 890
49 50
49 103
49 137
49 153
49 200
49 222
49 340
49 401
49 431
49 454
49 511
49 586
49 709
49 717
49 774
49 944
50 125
50 266
50 340
50 366
50 376
50 380
50 395
50 427
50 515
50 680
50 721
50 725
50 741
50 794
50 862
50 952
50 971
51 112
51 115
51 141
51 162
51 207
51 243
51 359
51 418
51 431
51 549
51 563
51 565
51 568
51 589
51 675
51 705
51 763
51 837
51 886
52 58
52 117
52 150
52 203
52 242
52 316
52 340
52 370
52 388
52 428
52 441
52 677
52 869
53 83
53 296
53 319
53 326
53 388
53 399
53 406
53 408
53 429
53 534
53 541
53 622
53 675
53 719
53 724
53 737
53 886
54 162
54 211
54 364
54 427
54 442
54 543
54 734
54 738
54 754
54 864
54 869
54 876
54 902
54 944
54 956
55 63
55 67
55 112
55 116
55 320
55 361
55 546
55 701
55 724
55 782
55 838
55 878
55 908
55 917
56 73
56 85
56 100
56 134
56 144
56 145
56 187
56 217
56 220
56 244
56 248
56 260
56 395
56 412
56 475
56 481
56 514
56 600
56 605
56 621
56 721
56 742
56 815
56 835
56 961
56 997
57 60
57 94
57 121
57 148
57 190
57 191
57 208
57 247
57 280
57 365
57 430
57 479
57 582
57 613
57 639
57 692
57 809
57 915
57 954
57 960
57 977
57 983
58 67
58 118
58 190
58 271
58 319
58 331
58 348
58 410
58 443
58 490
58 492
58 509
58 839
58 848
58 933
59 183
59 193
59 202
59 264
59 375
59 453
59 467
59 482
59 609
59 612
59 656
59 682
59 823
59 839
59 843
59 845
59 856
59 884
59 913
59 956
59 972
60 173
60 302
60 329
60 332
60 333
60 374
60 394
60 398
60 429
60 499
60 544
60 578
60 590
60 647
60 718
60 762
60 932
60 953
60 988
61 205
61 225
61 245
61 255
61 339
61 370
61 416
61 444
61 476
61 583
61 929
61 940
61 999
62 303
62 358
62 443
62 470
62 578
62 648
62 692
62 709
62 908
62 940
62 946
62 954
62 957
62 991
63 147
63 191
63 228
63 241
63 316
63 326
63 397
63 455
63 580
63 621
63 622
63 648
63 654
63 694
63 896
63 929
64 145
64 451
64 518
64 531
64 547
64 560
64 563
64 654
64 656
64 657
64 758
64 771
64 786
65 80
65 108
65 110
65 208
65 268
65 362
65 363
65 369
65 424
65 499
65 504
65 538
65 543
65 573
65 652
65 668
65 703
65 719
65 785
65 853
65 889
65 951
65 991
66 69
66 257
66 269
66 365
66 412
66 427
66 434
66 448
66 452
66 463
66 468
66 577
66 622
66 634
66 656
66 717
66 727
66 757
66 892
66 906
66 949
67 78
67 146
67 159
67 171
67 204
67 266
67 284
67 456
67 487
67 529
67 534
67 607
67 608
67 617
67 658
67 672
67 716
67 736
67 759
67 909
67 920
67 972
67 984
68 140
68 207
68 244
68 253
68 301
68 347
68 453
68 465
68 557
68 564
68 604
68 618
68 783
68 825
68 964
68 992
68 993
69 212
69 247
69 272
69 278
69 282
69 293
69 346
69 351
69 364
69 365
69 406
69 450
69 476
69 508
69 527
69 586
69 587
69 776
69 895
69 930
69 962
70 92
70 161
70 196
70 212
70 227
70 239
70 313
70 373
70 452
70 477
70 563
70 598
70 607
70 657
70 669
70 777
70 779
70 787
70 801
70 804
70 958
70 964
70 989
70 998
71 91
71 362
71 363
71 374
71 394
71 456
71 482
71 495
71 762
71 823
71 857
71 872
71 970
71 976
72 73
72 143
72 157
72 197
72 241
72 262
72 317
72 528
72 541
72 556
72 601
72 617
72 651
72 876
72 910
72 938
72 942
73 106
73 176
73 190
73 308
73 347
73 400
73 424
73 492
73 562
73 574
73 597
73 662
73 673
73 783
73 812
73 918
73 988
74 122
74 139
74 174
74 200
74 220
74 333
74 515
74 620
74 624
74 682
74 755
74 794
74 979
75 161
75 284
75 327
75 413
75 421
75 423
75 450
75 470
75 539
75 558
75 673
75 771
75 785
75 838
75 849
75 897
75 948
75 982
76 195
76 230
76 257
76 320
76 328
76 371
76 379
76 406
76 452
76 458
76 474
76 489
76 507
76 560
76 565
76 617
76 656
76 818
76 836
76 849
77 110
77 155
77 192
77 225
77 226
77 256
77 262
77 278
77 486
77 507
77 534
77 890
77 947
77 992
78 203
78 232
78 302
78 354
78 376
78 426
78 502
78 583
78 642
78 713
78 764
78 847
78 867
78 897
78 947
78 979
78 985
79 88
79 89
79 125
79 131
79 171
79 228
79 244
79 277
79 376
79 427
79 534
79 567
79 675
79 695
79 733
79 736
79 742
79 798
79 845
79 943
79 944
80 120
80 163
80 206
80 269
80 360
80 461
80 568
80 591
80 658
80 770
80 811
80 830
80 932
80 935
80 936
80 946
80 970
80 977
81 96
81 126
81 179
81 236
81 245
81 300
81 304
81 325
81 394
81 440
81 493
81 650
81 692
81 794
81 798
81 823
81 825
81 855
81 875
81 962
82 106
82 267
82 298
82 327
82 374
82 413
82 602
82 695
82 698
82 716
82 725
82 797
82 818
82 931
82 950
82 987
83 98
83 112
83 128
83 172
83 177
83 194
83 237
83 246
83 315
83 386
83 550
83 553
83 602
83 635
83 794
83 859
83 873
83 926
84 113
84 139
84 164
84 223
84 248
84 277
84 287
84 290
84 326
84 352
84 388
84 405
84 503
84 506
84 517
84 853
84 921
84 951
85 109
85 273
85 317
85 372
85 402
85 539
85 633
85 661
85 692
85 853
85 879
85 984
86 121
86 208
86 329
86 365
86 390
86 431
86 493
86 546
86 563
86 705
86 770
86 784
86 807
86 969
87 127
87 192
87 196
87 377
87 453
87 457
87 510
87 521
87 595
87 636
87 642
87 712
87 724
87 797
87 884
88 89
88 152
88 285
88 309
88 321
88 447
88 527
88 541
88 552
88 711
88 729
88 840
88 862
88 924
88 935
88 973
88 990
89 99
89 165
89 182
89 274
89 307
89 353
89 414
89 446
89 450
89 469
89 470
89 513
89 654
89 763
89 879
89 927
89 970
89 988
90 110
90 239
90 283
90 313
90 319
90 364
90 413
90 498
90 511
90 533
90 572
90 592
90 609
90 641
90 747
90 772
90 927
91 106
91 142
91 152
91 513
91 534
91 571
91 652
91 739
91 784
92 102
92 117
92 141
92 148
92 181
92 187
92 202
92 400
92 407
92 416
92 480
92 487
92 502
92 545
92 552
92 662
92 768
92 770
92 884
92 907
92 909
92 956
92 962
92 968
93 124
93 160
93 329
93 334
93 371
93 374
93 423
93 444
93 463
93 465
93 513
93 526
93 564
93 613
93 628
93 658
93 771
93 922
94 99
94 174
94 192
94 230
94 238
94 241
94 288
94 327
94 342
94 414
94 479
94 513
94 582
94 660
94 761
94 789
94 953
95 128
95 141
95 145
95 201
95 245
95 252
95 414
95 687
95 706
95 744
95 749
95 776
95 780
95 816
95 824
95 859
95 890
96 176
96 209
96 217
96 229
96 236
96 252
96 266
96 276
96 341
96 360
96 394
96 427
96 506
96 509
96 526
96 570
96 577
96 597
96 617
96 699
96 707
96 733
96 841
96 941
96 951
96 965
97 103
97 119
97 150
97 174
97 182
97 385
97 417
97 436
97 527
97 531
97 565
97 782
97 944
98 108
98 143
98 175
98 333
98 390
98 435
98 584
98 610
98 701
98 711
98 804
98 818
98 978
99 106
99 108
99 185
99 189
99 197
99 216
99 261
99 334
99 356
99 357
99 364
99 367
99 432
99 628
99 636
99 640
99 656
99 690
99 705
99 717
99 737
99 758
99 776
99 783
99 837
99 841
99 855
99 879
99 949
99 982
100 140
100 180
100 216
100 243
100 322
100 338
100 394
100 399
100 422
100 520
100 589
100 661
100 760
100 800
100 805
100 912
100 918
100 949
100 980
101 118
101 180
101 216
101 465
101 475
101 487
101 514
101 522
101 523
101 575
101 593
101 601
101 629
101 673
101 689
101 787
101 804
101 899
102 139
102 244
102 357
102 390
102 411
102 448
102 560
102 577
102 593
102 615
102 629
102 684
102 711
102 768
102 806
102 819
102 824
102 841
102 967
102 988
103 226
103 229
103 315
103 327
103 420
103 448
103 461
103 478
103 580
103 658
103 669
103 769
103 841
103 883
103 940
103 976
104 106
104 169
104 315
104 338
104 399
104 435
104 524
104 526
104 657
104 694
104 704
104 735
104 819
104 892
104 982
105 247
105 306
105 323
105 395
105 399
105 514
105 597
105 610
105 630
105 640
105 666
105 703
105 725
105 835
105 890
105 971
106 107
106 157
106 179
106 196
106 343
106 438
106 554
106 560
106 592
106 633
106 637
106 650
106 672
106 731
106 765
106 866
106 898
106 937
106 964
106 968
107 112
107 148
107 150
107 214
107 222
107 336
107 343
107 348
107 350
107 390
107 411
107 510
107 537
107 546
107 554
107 573
107 590
107 593
107 619
107 623
107 654
107 657
107 671
107 683
107 854
107 862
107 949
107 972
107 992
108 140
108 174
108 202
108 310
108 339
108 399
108 413
108 427
108 718
108 821
108 926
108 979
108 983
108 988
109 121
109 133
109 156
109 168
109 188
109 191
109 223
109 328
109 360
109 373
109 398
109 400
109 513
109 558
109 573
109 672
109 698
109 713
109 715
109 737
109 752
109 802
109 804
109 895
109 931
109 974
110 144
110 153
110 178
110 221
110 312
110 378
110 409
110 494
110 507
110 605
110 684
110 722
110 723
110 743
110 893
110 925
111 356
111 377
111 403
111 418
111 473
111 483
111 560
111 596
111 598
111 688
111 728
111 730
111 883
111 915
112 155
112 172
112 187
112 261
112 367
112 375
112 417
112 444
112 487
112 545
112 603
112 690
112 868
112 877
112 879
112 895
112 907
112 940
113 174
113 204
113 303
113 343
113 355
113 402
113 467
113 478
113 493
113 538
113 564
113 568
113 631
113 646
113 674
113 713
113 716
113 813
113 918
113 986
114 131
114 135
114 173
114 238
114 242
114 332
114 409
114 421
114 493
114 521
114 541
114 578
114 621
114 782
114 873
114 876
114 924
114 993
115 132
115 268
115 676
115 725
115 798
115 802
115 846
115 858
115 878
115 907
116 138
116 147
116 214
116 240
116 311
116 362
116 366
116 393
116 444
116 482
116 499
116 501
116 514
116 583
116 603
116 668
116 677
116 696
116 773
116 882
116 958
117 175
117 267
117 282
117 291
117 299
117 317
117 357
117 433
117 452
117 525
117 557
117 584
117 591
117 592
117 603
117 641
117 693
117 842
117 854
118 123
118 201
118 216
118 240
118 270
118 337
118 366
118 398
118 447
118 451
118 470
118 545
118 633
118 686
118 687
118 917
118 932
118 947
118 981
119 188
119 191
119 244
119 413
119 430
119 453
119 481
119 602
119 658
119 669
119 722
119 798
119 852
119 890
119 908
119 917
120 246
120 346
120 388
120 408
120 416
120 445
120 451
120 477
120 512
120 618
120 642
120 650
120 702
120 730
120 731
120 822
120 853
120 935
120 958
120 985
121 123
121 138
121 145
121 162
121 246
121 283
121 301
121 306
121 329
121 358
121 374
121 445
121 462
121 468
121 474
121 484
121 495
121 576
121 589
121 681
121 768
121 772
121 799
121 806
121 815
121 875
121 990
122 179
122 197
122 203
122 328
122 367
122 382
122 478
122 557
122 562
122 583
122 608
122 675
122 737
122 760
122 780
122 791
122 891
122 903
122 941
122 947
122 974
122 978
123 137
123 194
123 253
123 301
123 531
123 626
123 728
123 790
123 802
123 810
123 859
123 911
123 978
124 165
124 281
124 308
124 356
124 427
124 437
124 440
124 444
124 496
124 509
124 525
124 539
124 547
124 615
124 746
124 889
124 896
124 945
125 132
125 167
125 262
125 287
125 310
125 377
125 485
125 549
125 562
125 568
125 706
125 939
125 973
126 207
126 213
126 276
126 331
126 343
126 349
126 441
126 512
126 546
126 569
126 581
126 716
126 923
126 943
127 163
127 190
127 270
127 328
127 352
127 367
127 407
127 453
127 509
127 554
127 864
127 920
127 989
128 149
128 160
128 239
128 254
128 322
128 328
128 376
128 377
128 413
128 435
128 535
128 573
128 594
128 603
128 649
128 684
128 788
129 144
129 147
129 169
129 214
129 332
129 345
129 386
129 398
129 466
129 589
129 629
129 663
129 709
129 711
129 725
129 759
129 815
129 824
129 826
129 830
129 848
129 882
129 896
129 928
129 965
129 991
130 161
130 263
130 299
130 319
130 515
130 595
130 617
130 622
130 694
130 702
130 749
130 769
130 842
130 869
130 981
130 989
130 991
131 242
131 304
131 356
131 440
131 505
131 521
131 722
131 740
131 769
131 776
131 834
131 857
131 932
131 934
132 169
132 210
132 259
132 261
132 271
132 276
132 294
132 296
132 353
132 484
132 527
132 566
132 584
132 604
132 623
132 653
132 662
132 709
132 810
132 895
132 928
132 975
132 982
133 218
133 238
133 297
133 400
133 411
133 431
133 433
133 440
133 442
133 451
133 478
133 527
133 534
133 542
133 595
133 605
133 739
133 828
133 839
133 950
133 961
134 172
134 203
134 216
134 225
134 305
134 333
134 360
134 403
134 413
134 522
134 616
134 621
134 655
134 745
134 748
134 935
134 992
134 997
135 150
135 161
135 164
135 213
135 251
135 295
135 325
135 335
135 412
135 435
135 576
135 607
135 662
135 709
135 724
135 929
135 945
135 967
136 147
136 157
136 166
136 169
136 271
136 312
136 340
136 423
136 438
136 449
136 500
136 536
136 744
136 753
136 786
136 863
136 943
137 163
137 243
137 320
137 366
137 386
137 390
137 422
137 436
137 496
137 510
137 511
137 790
137 840
137 862
137 871
137 904
138 271
138 277
138 313
138 449
138 504
138 595
138 645
138 793
138 821
138 900
138 929
139 170
139 193
139 208
139 209
139 342
139 404
139 499
139 634
139 641
139 644
139 672
139 677
139 737
139 823
139 857
139 887
139 908
139 997
140 184
140 254
140 331
140 426
140 432
140 435
140 501
140 558
140 585
140 738
140 809
140 860
140 883
140 925
140 964
141 195
141 235
141 363
141 368
141 505
141 533
141 566
141 592
141 616
141 622
141 695
141 714
141 766
141 847
141 940
141 969
142 168
142 254
142 328
142 484
142 680
142 745
142 750
142 786
142 813
142 836
142 937
142 994
143 194
143 284
143 296
143 309
143 377
143 423
143 443
143 584
143 689
143 745
143 792
143 826
143 977
143 980
144 154
144 188
144 212
144 255
144 293
144 427
144 428
144 436
144 457
144 482
144 494
144 578
144 620
144 625
144 647
144 682
144 709
144 728
144 796
144 852
144 870
144 873
144 879
144 899
144 939
144 989
144 991
145 176
145 193
145 199
145 256
145 268
145 297
145 322
145 341
145 345
145 360
145 368
145 397
145 415
145 456
145 463
145 482
145 488
145 517
145 534
145 609
145 628
145 725
145 825
145 859
145 862
145 942
145 992
146 193
146 221
146 264
146 306
146 548
146 556
146 610
146 614
146 625
146 735
146 758
146 760
146 848
146 852
146 903
146 956
147 193
147 216
147 219
147 251
147 271
147 281
147 300
147 350
147 449
147 461
147 587
147 696
147 707
147 766
147 866
147 881
147 973
147 985
147 995
148 183
148 186
148 312
148 350
148 384
148 416
148 445
148 454
148 574
148 699
148 733
148 801
148 804
148 959
148 978
149 181
149 233
149 268
149 319
149 473
149 513
149 536
149 576
149 582
149 790
149 800
149 873
149 899
149 906
149 996
150 199
150 222
150 234
150 306
150 329
150 374
150 473
150 515
150 543
150 637
150 650
150 722
150 724
150 792
150 830
150 888
150 954
151 191
151 308
151 376
151 460
151 529
151 577
151 699
151 718
151 750
151 934
151 960
151 967
151 976
152 182
152 183
152 220
152 221
152 334
152 386
152 458
152 462
152 474
152 547
152 646
152 693
152 712
152 959
152 968
153 247
153 312
153 324
153 376
153 590
153 656
153 667
153 832
153 834
153 841
153 872
153 943
153 950
153 957
154 203
154 221
154 260
154 278
154 464
154 514
154 569
154 590
154 619
154 651
154 705
154 707
154 715
154 792
154 809
154 834
154 847
154 886
154 908
154 917
154 948
154 977
154 996
155 216
155 225
155 273
155 421
155 450
155 569
155 689
155 695
155 696
155 799
155 813
155 922
155 988
156 173
156 249
156 274
156 346
156 395
156 458
156 466
156 489
156 498
156 510
156 531
156 653
156 712
156 734
156 743
156 749
156 811
156 855
156 860
156 901
156 912
156 937
156 954
156 964
156 965
157 164
157 303
157 372
157 394
157 422
157 524
157 554
157 627
157 653
157 666
157 687
157 698
157 705
157 762
157 840
157 901
157 904
157 944
157 951
158 192
158 206
158 259
158 377
158 400
158 433
158 488
158 563
158 584
158 614
158 716
158 766
158 838
158 940
158 953
159 172
159 190
159 219
159 258
159 369
159 446
159 490
159 524
159 582
159 660
159 685
159 709
159 717
159 718
159 774
159 844
159 928
159 941
159 978
160 303
160 323
160 447
160 467
160 583
160 647
160 653
160 687
160 819
160 847
160 923
160 934
161 257
161 292
161 355
161 373
161 383
161 475
161 496
161 548
161 615
161 857
161 869
161 900
161 927
161 944
162 178
162 203
162 258
162 305
162 346
162 398
162 403
162 435
162 457
162 577
162 629
162 672
162 674
162 713
162 756
162 769
162 831
162 870
162 878
162 914
162 920
162 961
162 976
163 193
163 292
163 337
163 406
163 419
163 533
163 535
163 537
163 593
163 652
163 683
163 719
163 829
163 855
163 956
163 961
164 171
164 188
164 267
164 281
164 297
164 315
164 417
164 465
164 469
164 540
164 544
164 557
164 585
164 661
164 672
164 730
164 848
164 890
164 894
164 998
165 184
165 187
165 232
165 252
165 388
165 390
165 420
165 449
165 451
165 460
165 472
165 494
165 622
165 669
165 749
165 818
165 820
165 847
165 911
165 921
165 930
165 949
165 954
166 171
166 275
166 311
166 327
166 351
166 507
166 682
166 761
166 801
166 803
166 853
166 863
166 902
166 917
166 973
167 210
167 217
167 229
167 278
167 287
167 419
167 624
167 635
167 672
167 684
167 703
167 756
167 757
167 772
167 802
167 848
167 851
167 873
167 874
167 901
167 971
168 275
168 408
168 492
168 500
168 504
168 512
168 595
168 603
168 621
168 734
168 863
168 879
168 905
169 177
169 184
169 425
169 439
169 512
169 526
169 540
169 570
169 684
169 711
169 723
169 771
169 784
169 794
169 797
169 812
169 854
169 864
169 875
169 898
169 923
169 930
169 987
170 195
170 240
170 358
170 404
170 488
170 492
170 523
170 527
170 532
170 572
170 587
170 611
170 614
170 629
170 687
170 699
170 710
170 722
170 732
170 797
170 843
170 919
170 930
170 970
170 994
171 192
171 198
171 211
171 309
171 361
171 430
171 444
171 457
171 466
171 469
171 472
171 479
171 493
171 549
171 631
171 655
171 756
171 842
171 881
171 992
172 179
172 283
172 295
172 369
172 399
172 451
172 476
172 531
172 539
172 587
172 708
172 717
172 739
172 768
172 775
172 800
172 861
172 865
172 871
172 922
172 980
173 291
173 322
173 347
173 350
173 494
173 641
173 779
173 849
173 930
173 940
173 946
174 347
174 447
174 515
174 524
174 579
174 730
174 835
174 862
174 935
175 201
175 209
175 221
175 237
175 255
175 282
175 358
175 551
175 586
175 591
175 598
175 613
175 621
175 678
175 713
175 730
175 774
175 872
175 895
175 898
176 185
176 193
176 205
176 231
176 245
176 286
176 422
176 437
176 518
176 531
176 576
176 585
176 698
176 802
176 894
176 978
176 992
177 180
177 209
177 249
177 329
177 340
177 498
177 581
177 583
177 607
177 632
177 725
177 842
177 925
177 952
178 282
178 338
178 340
178 408
178 422
178 493
178 509
178 690
178 728
178 797
178 938
178 972
178 987
179 227
179 398
179 479
179 480
179 484
179 498
179 550
179 648
179 693
179 750
179 831
179 994
180 195
180 251
180 374
180 387
180 423
180 482
180 514
180 523
180 611
180 652
180 691
180 779
180 845
180 881
180 916
180 970
181 233
181 258
181 287
181 303
181 322
181 354
181 440
181 459
181 470
181 595
181 601
181 603
181 612
181 628
181 850
181 955
182 218
182 280
182 317
182 342
182 460
182 467
182 669
182 694
182 716
182 777
182 778
182 807
182 852
182 894
183 219
183 253
183 296
183 413
183 437
183 459
183 597
183 600
183 614
183 652
183 692
183 766
183 833
183 841
183 874
183 877
183 920
183 945
184 206
184 238
184 274
184 324
184 349
184 351
184 384
184 427
184 467
184 471
184 534
184 634
184 678
184 713
184 859
184 862
184 864
184 874
184 940
184 944
184 967
184 988
185 334
185 344
185 443
185 480
185 548
185 647
185 670
185 713
185 764
185 775
185 777
185 803
185 839
185 853
185 885
185 960
186 292
186 328
186 424
186 467
186 482
186 551
186 599
186 632
186 656
186 690
186 730
186 797
186 807
186 897
186 971
186 987
186 989
186 997
187 191
187 200
187 471
187 505
187 546
187 565
187 685
187 718
187 776
187 802
187 822
187 844
187 935
187 948
187 951
187 972
187 975
188 221
188 250
188 366
188 380
188 426
188 444
188 461
188 483
188 583
188 587
188 615
188 644
188 678
188 703
188 749
188 752
188 821
189 235
189 267
189 364
189 396
189 498
189 500
189 541
189 590
189 607
189 642
189 673
189 721
189 781
189 802
189 890
189 927
190 210
190 236
190 247
190 305
190 398
190 418
190 469
190 486
190 523
190 566
190 668
190 689
190 724
190 811
190 878
190 884
190 927
190 952
190 973
190 975
191 221
191 318
191 321
191 353
191 360
191 475
191 516
191 523
191 593
191 641
191 642
191 648
191 681
191 820
191 826
191 849
191 863
191 894
191 973
191 982
192 215
192 227
192 268
192 303
192 405
192 426
192 457
192 512
192 516
192 584
192 639
192 673
192 820
192 883
192 887
192 947
192 949
192 963
193 216
193 242
193 312
193 353
193 390
193 394
193 404
193 421
193 438
193 441
193 724
193 748
193 923
194 204
194 223
194 230
194 290
194 415
194 416
194 430
194 439
194 521
194 588
194 594
194 656
194 691
194 803
194 805
194 812
194 957
194 989
195 258
195 304
195 308
195 368
195 374
195 396
195 473
195 499
195 500
195 536
195 543
195 816
195 838
195 862
195 868
195 871
195 956
195 984
196 240
196 256
196 261
196 351
196 370
196 455
196 550
196 600
196 609
196 621
196 685
196 728
196 758
196 771
196 796
196 889
196 941
197 393
197 430
197 450
197 508
197 509
197 538
197 555
197 609
197 668
197 845
197 875
197 919
197 927
198 228
198 271
198 294
198 310
198 433
198 502
198 526
198 538
198 811
198 928
198 958
198 995
199 303
199 331
199 343
199 363
199 376
199 496
199 509
199 593
199 782
199 802
199 854
199 868
199 872
199 986
200 268
200 311
200 325
200 348
200 370
200 492
200 537
200 576
200 631
200 710
200 794
200 842
200 874
200 903
200 904
200 952
200 973
201 212
201 213
201 312
201 429
201 442
201 532
201 537
201 553
201 587
201 630
201 702
201 732
201 744
201 785
201 795
201 894
201 904
201 906
201 953
201 958
202 294
202 302
202 470
202 487
202 566
202 681
202 713
202 769
202 803
202 812
202 867
202 876
203 282
203 382
203 448
203 531
203 578
203 635
203 811
203 919
203 958
203 964
203 982
203 992
203 994
204 373
204 442
204 494
204 496
204 538
204 580
204 673
204 718
204 753
205 244
205 289
205 519
205 766
205 774
205 815
205 860
205 906
205 913
205 938
205 985
206 258
206 271
206 299
206 366
206 409
206 572
206 587
206 616
206 625
206 638
206 686
206 737
206 797
206 810
207 209
207 249
207 269
207 284
207 285
207 512
207 544
207 557
207 593
207 598
207 613
207 778
207 822
207 869
207 876
207 913
208 219
208 417
208 477
208 534
208 624
208 633
208 639
208 645
208 675
208 680
208 722
208 790
208 813
208 865
208 898
208 918
209 298
209 320
209 462
209 493
209 495
209 516
209 517
209 546
209 575
209 640
209 664
209 683
209 799
209 857
209 991
210 273
210 280
210 401
210 475
210 513
210 557
210 608
210 654
210 726
210 784
210 819
210 900
210 950
211 259
211 267
211 275
211 288
211 330
211 383
211 386
211 393
211 428
211 453
211 468
211 594
211 606
211 776
211 806
211 819
211 825
211 849
211 985
212 378
212 450
212 464
212 469
212 494
212 630
212 661
212 697
212 712
212 873
212 877
212 905
213 235
213 248
213 355
213 451
213 570
213 660
213 661
213 698
213 800
213 868
213 881
213 920
214 277
214 307
214 326
214 347
214 358
214 401
214 452
214 463
214 529
214 695
214 708
214 718
214 780
214 815
214 838
214 910
214 918
214 922
214 952
215 269
215 313
215 400
215 416
215 418
215 468
215 616
215 738
215 820
215 869
215 888
215 950
216 229
216 234
216 446
216 459
216 497
216 570
216 573
216 656
216 781
216 826
216 856
216 862
217 243
217 244
217 290
217 369
217 385
217 394
217 493
217 549
217 589
217 622
217 672
217 678
217 700
217 712
217 779
217 817
217 900
218 231
218 237
218 342
218 399
218 407
218 599
218 693
218 718
218 752
218 803
218 843
218 849
218 906
218 930
219 233
219 274
219 382
219 462
219 567
219 591
219 594
219 630
219 668
219 761
219 768
219 778
219 845
219 861
220 255
220 292
220 465
220 530
220 550
220 572
220 582
220 687
220 715
220 748
220 767
220 785
220 790
220 855
220 924
220 935
220 945
220 979
220 980
220 988
221 319
221 449
221 463
221 477
221 514
221 574
221 579
221 627
221 638
221 719
221 737
221 747
221 776
221 797
221 805
221 914
222 245
222 402
222 404
222 460
222 467
222 503
222 564
222 568
222 584
222 597
222 623
222 631
222 636
222 645
222 775
222 817
222 843
222 865
222 906
223 278
223 289
223 295
223 296
223 353
223 466
223 469
223 492
223 569
223 603
223 610
223 766
223 821
223 829
223 831
223 840
223 854
223 880
223 920
223 940
223 962
223 970
224 260
224 348
224 384
224 416
224 480
224 539
224 603
224 634
224 691
224 736
224 756
224 860
224 877
224 908
224 933
224 974
224 978
224 979
225 366
225 383
225 421
225 562
225 565
225 638
225 663
225 698
225 710
225 821
225 871
225 878
225 911
225 934
225 954
226 300
226 333
226 431
226 475
226 528
226 571
226 580
226 676
226 722
226 751
226 782
226 884
226 914
226 970
226 981
227 242
227 252
227 295
227 450
227 455
227 487
227 513
227 622
227 682
227 698
227 744
227 874
227 898
228 254
228 258
228 336
228 354
228 411
228 472
228 483
228 501
228 673
228 725
228 766
228 785
228 817
228 844
228 863
228 881
228 898
228 905
228 907
228 918
228 950
228 951
228 965
229 545
229 556
229 649
229 662
229 680
229 738
229 750
229 781
229 784
229 816
229 836
229 846
229 858
229 902
229 926
229 937
229 949
229 966
230 281
230 327
230 329
230 393
230 405
230 465
230 525
230 570
230 699
230 712
230 777
230 864
230 900
230 952
231 272
231 331
231 348
231 401
231 516
231 559
231 597
231 608
231 635
231 659
231 664
231 674
231 699
231 751
231 765
231 837
231 916
232 254
232 349
232 543
232 592
232 623
232 675
232 852
232 865
232 934
232 982
233 278
233 396
233 410
233 500
233 629
233 658
233 676
233 686
233 843
233 895
233 963
234 252
234 314
234 436
234 459
234 600
234 603
234 614
234 630
234 638
234 717
234 744
234 747
234 763
234 870
234 880
234 950
234 983
234 993
235 427
235 466
235 469
235 549
235 609
235 662
235 674
235 703
235 760
235 815
235 827
235 835
235 849
235 887
235 925
235 942
236 252
236 313
236 412
236 653
236 657
236 675
236 718
236 798
236 803
236 883
236 891
236 913
236 943
236 980
237 287
237 355
237 357
237 365
237 394
237 421
237 473
237 561
237 648
237 675
237 683
237 691
237 781
237 841
237 859
237 984
238 278
238 290
238 356
238 374
238 439
238 450
238 464
238 492
238 539
238 606
238 627
238 693
238 736
238 752
238 773
238 993
239 299
239 318
239 350
239 402
239 477
239 549
239 719
239 839
239 841
239 852
239 862
239 972
239 974
240 258
240 284
240 292
240 317
240 328
240 358
240 526
240 553
240 562
240 566
240 618
240 674
240 704
240 727
240 759
240 762
240 813
240 859
240 870
240 909
240 957
240 977
241 278
241 314
241 399
241 411
241 422
241 433
241 462
241 539
241 542
241 628
241 629
241 630
241 650
241 674
241 727
241 801
241 819
241 823
241 914
242 303
242 438
242 629
242 637
242 678
242 770
242 828
242 833
242 857
242 918
242 931
242 973
242 997
243 310
243 349
243 396
243 443
243 494
243 513
243 525
243 618
243 638
243 696
243 698
243 752
243 845
243 851
243 926
243 949
244 272
244 394
244 422
244 486
244 528
244 558
244 635
244 721
244 740
244 814
244 821
244 830
244 840
244 896
244 945
245 413
245 463
245 611
245 628
245 685
245 837
245 905
245 942
246 256
246 291
246 351
246 378
246 409
246 449
246 482
246 503
246 534
246 637
246 693
246 715
246 751
246 881
246 909
246 939
246 965
246 971
247 273
247 327
247 334
247 356
247 400
247 486
247 494
247 622
247 707
247 709
247 785
247 839
247 861
247 879
248 277
248 346
248 425
248 575
248 605
248 637
248 651
248 720
248 795
249 396
249 414
249 466
249 536
249 559
249 619
249 699
249 743
249 856
249 880
250 269
250 283
250 292
250 322
250 438
250 467
250 508
250 644
250 681
250 692
250 738
250 916
250 937
251 367
251 383
251 462
251 486
251 581
251 668
251 679
251 762
251 822
251 867
251 871
251 907
251 979
252 274
252 293
252 348
252 366
252 440
252 460
252 473
252 610
252 629
252 644
252 695
252 732
252 791
252 824
252 826
252 837
252 959
253 260
253 334
253 372
253 438
253 450
253 477
253 513
253 537
253 587
253 736
253 745
253 816
253 831
253 842
253 854
253 985
254 300
254 378
254 477
254 695
254 723
254 758
254 821
254 834
254 854
254 999
255 278
255 287
255 288
255 317
255 319
255 329
255 353
255 378
255 384
255 546
255 586
255 601
255 708
255 743
255 786
255 810
255 830
255 911
255 927
256 334
256 438
256 455
256 511
256 627
256 672
256 695
256 713
256 716
256 798
256 887
256 927
257 332
257 333
257 379
257 398
257 413
257 414
257 524
257 655
257 681
257 759
257 861
257 862
258 317
258 345
258 451
258 493
258 628
258 649
258 661
258 695
258 717
258 840
259 354
259 412
259 481
259 497
259 557
259 589
259 594
259 734
259 745
259 768
259 781
259 853
259 884
259 946
260 266
260 284
260 364
260 405
260 428
260 443
260 486
260 664
260 679
260 749
260 785
260 844
260 858
260 951
260 962
260 990
261 325
261 376
261 504
261 546
261 598
261 622
261 623
261 701
261 722
261 738
261 753
261 801
261 866
261 925
261 941
261 985
262 269
262 316
262 458
262 726
262 784
262 789
262 816
263 278
263 342
263 393
263 404
263 409
263 423
263 424
263 433
263 522
263 571
263 687
263 754
263 766
263 768
263 822
263 876
263 878
263 916
263 966
264 265
264 318
264 330
264 380
264 518
264 541
264 555
264 653
264 701
264 807
264 921
265 288
265 306
265 333
265 385
265 405
265 500
265 504
265 523
265 548
265 558
265 598
265 670
265 684
265 693
265 738
265 776
265 795
265 865
265 880
266 270
266 360
266 368
266 372
266 394
266 408
266 428
266 557
266 586
266 605
266 616
266 623
266 629
266 646
266 689
266 695
266 750
266 757
266 762
266 783
266 809
266 877
266 985
267 282
267 325
267 392
267 410
267 423
267 498
267 636
267 797
267 868
268 305
268 446
268 488
268 505
268 605
268 613
268 756
268 794
268 804
268 823
268 850
268 899
268 908
268 961
268 968
269 274
269 278
269 318
269 451
269 537
269 548
269 702
269 712
269 747
269 828
269 929
269 961
269 997
270 277
270 348
270 382
270 386
270 419
270 425
270 443
270 595
270 664
270 696
270 706
270 717
270 863
270 892
270 991
270 999
271 394
271 458
271 461
271 532
271 565
271 611
271 670
271 699
271 708
271 786
271 837
271 855
271 922
271 928
271 984
272 281
272 319
272 327
272 341
272 369
272 535
272 595
272 604
272 657
272 765
272 775
272 791
272 832
272 838
272 851
272 877
272 899
272 934
272 962
273 292
273 298
273 338
273 431
273 457
273 496
273 594
273 705
273 758
273 787
273 876
273 929
273 989
274 296
274 305
274 316
274 457
274 567
274 611
274 633
274 689
274 704
274 719
274 816
274 831
274 876
274 908
274 910
274 938
275 328
275 341
275 429
275 498
275 630
275 667
275 729
275 770
275 821
275 887
275 896
275 964
276 292
276 333
276 343
276 467
276 534
276 601
276 639
276 729
276 845
276 878
276 939
277 285
277 369
277 379
277 384
277 482
277 555
277 556
277 562
277 647
277 704
277 749
277 758
277 776
277 782
277 814
277 824
277 853
277 902
277 929
277 960
278 282
278 523
278 527
278 533
278 557
278 593
278 626
278 742
278 747
278 778
278 822
278 848
278 851
278 855
278 884
278 990
279 322
279 348
279 545
279 623
279 683
279 686
279 688
279 772
279 791
279 851
279 936
279 938
280 297
280 330
280 354
280 442
280 467
280 518
280 632
280 646
280 714
280 767
280 864
280 874
280 957
281 314
281 392
281 397
281 450
281 512
281 549
281 569
281 615
281 642
281 685
281 819
281 842
281 871
281 885
281 981
281 996
282 306
282 315
282 423
282 453
282 462
282 581
282 596
282 635
282 698
282 748
282 831
282 919
282 939
282 987
283 457
283 531
283 554
283 570
283 613
283 669
283 683
283 789
283 819
283 833
283 862
283 891
284 293
284 294
284 369
284 460
284 512
284 544
284 555
284 619
284 647
284 657
284 715
284 720
284 778
284 788
284 813
284 888
284 902
285 393
285 407
285 435
285 548
285 574
285 587
285 591
285 598
285 646
285 670
285 671
285 728
285 811
285 845
285 856
285 889
285 927
286 351
286 459
286 462
286 556
286 571
286 595
286 601
286 603
286 616
286 638
286 656
286 667
286 719
286 746
286 808
286 861
286 895
286 904
286 911
286 966
287 334
287 408
287 486
287 492
287 493
287 494
287 550
287 729
287 772
287 886
287 936
287 971
288 301
288 342
288 370
288 375
288 439
288 448
288 640
288 656
288 679
288 722
288 849
288 859
288 890
288 919
288 926
289 291
289 384
289 436
289 489
289 641
289 657
289 685
289 774
289 812
289 842
289 880
289 884
289 932
289 963
290 299
290 339
290 398
290 436
290 488
290 599
290 691
290 695
290 707
290 794
290 811
290 906
290 981
291 345
291 354
291 417
291 498
291 528
291 557
291 626
291 629
291 642
291 826
291 848
291 884
291 972
292 324
292 326
292 327
292 358
292 405
292 444
292 468
292 490
292 516
292 541
292 638
292 647
292 662
292 746
292 777
292 781
292 783
292 799
292 807
292 827
293 307
293 421
293 447
293 505
293 529
293 539
293 589
293 746
293 846
293 865
293 892
294 341
294 356
294 430
294 463
294 486
294 514
294 537
294 556
294 565
294 571
294 575
294 579
294 599
294 600
294 660
294 734
294 787
294 796
294 829
294 893
294 898
294 933
295 367
295 396
295 470
295 484
295 509
295 523
295 603
295 619
295 756
295 760
295 794
295 895
295 907
296 302
296 376
296 407
296 466
296 494
296 608
296 662
296 680
296 692
296 707
296 739
296 743
296 751
296 770
296 837
296 950
297 401
297 423
297 454
297 508
297 528
297 532
297 624
297 628
297 673
297 696
297 700
297 752
297 785
297 906
297 909
297 933
297 945
297 955
298 390
298 624
298 650
298 674
298 716
298 779
298 802
298 807
298 892
298 897
298 956
299 334
299 340
299 402
299 434
299 564
299 643
299 715
299 788
299 812
299 901
299 980
299 999
300 323
300 352
300 362
300 432
300 456
300 482
300 522
300 554
300 656
300 750
300 755
300 780
300 781
300 814
300 840
300 949
300 993
301 411
301 515
301 535
301 580
301 595
301 625
301 631
301 649
301 650
301 759
302 319
302 397
302 505
302 519
302 551
302 556
302 640
302 719
302 751
302 766
302 884
302 899
302 901
302 978
303 319
303 320
303 401
303 484
303 488
303 511
303 654
303 707
303 731
303 804
303 878
303 892
303 980
303 984
304 353
304 387
304 446
304 456
304 530
304 580
304 602
304 614
304 616
304 643
304 665
304 666
304 690
304 851
304 872
304 893
304 971
304 996
305 306
305 326
305 436
305 499
305 637
305 669
305 782
305 869
305 964
306 335
306 339
306 348
306 377
306 387
306 471
306 527
306 787
306 827
306 982
307 341
307 355
307 428
307 449
307 456
307 497
307 553
307 554
307 674
307 721
307 767
307 851
307 852
307 858
307 914
307 951
307 954
308 328
308 354
308 381
308 418
308 419
308 477
308 558
308 611
308 630
308 637
308 641
308 643
308 880
308 916
308 920
308 982
309 366
309 388
309 502
309 555
309 564
309 574
309 632
309 710
309 751
309 906
310 328
310 359
310 477
310 569
310 590
310 710
310 741
310 763
310 770
310 787
310 794
310 826
310 848
310 852
310 854
310 855
310 878
310 885
310 889
310 917
310 985
310 995
310 999
311 344
311 391
311 414
311 442
311 450
311 499
311 550
311 619
311 793
311 800
311 826
311 856
311 864
311 939
312 396
312 551
312 563
312 605
312 740
312 765
312 805
312 907
312 930
312 944
313 337
313 368
313 373
313 454
313 663
313 721
313 905
314 449
314 496
314 571
314 702
314 725
314 819
314 899
314 940
314 981
315 335
315 372
315 388
315 431
315 450
315 503
315 533
315 541
315 586
315 679
315 685
315 758
315 768
315 778
315 781
315 808
315 817
315 899
315 922
316 333
316 352
316 441
316 506
316 534
316 754
316 756
316 780
316 791
316 934
316 951
316 956
317 375
317 381
317 405
317 421
317 498
317 543
317 700
317 746
317 759
317 899
317 905
317 937
317 953
317 984
317 985
318 374
318 406
318 448
318 461
318 485
318 507
318 540
318 561
318 695
318 722
318 735
318 792
318 808
318 836
318 843
318 845
318 864
318 923
318 977
319 368
319 404
319 460
319 489
319 518
319 535
319 589
319 626
319 655
319 674
319 689
319 760
319 822
319 839
319 845
320 428
320 433
320 439
320 449
320 558
320 628
320 694
320 788
320 809
320 867
320 872
320 899
320 929
321 343
321 353
321 376
321 396
321 469
321 470
321 514
321 531
321 532
321 558
321 591
321 653
321 773
321 811
321 906
322 389
322 427
322 468
322 504
322 526
322 632
322 725
322 849
322 913
322 919
322 921
322 947
323 434
323 462
323 603
323 710
323 718
323 763
323 768
323 775
323 920
323 928
323 997
324 362
324 409
324 412
324 442
324 457
324 567
324 698
324 702
324 727
324 812
324 884
324 972
325 443
325 506
325 517
325 546
325 614
325 760
325 915
325 924
325 991
325 994
326 364
326 393
326 412
326 448
326 464
326 478
326 479
326 636
326 710
326 736
326 948
327 337
327 508
327 585
327 669
327 789
327 811
327 946
327 971
327 982
328 343
328 367
328 396
328 511
328 582
328 605
328 608
328 651
328 652
328 672
328 750
328 772
328 776
328 782
328 811
328 838
328 852
328 868
328 946
328 958
329 339
329 412
329 456
329 553
329 651
329 680
329 683
329 738
329 744
329 765
329 824
329 825
329 891
329 931
330 337
330 389
330 412
330 415
330 450
330 467
330 547
330 651
330 713
330 748
330 780
330 814
330 817
330 866
330 920
331 362
331 443
331 677
331 732
331 821
331 957
332 370
332 460
332 461
332 561
332 630
332 693
332 830
332 888
332 944
332 958
332 964
332 973
333 409
333 422
333 425
333 429
333 433
333 434
333 471
333 482
333 584
333 740
333 819
333 920
333 929
334 353
334 412
334 431
334 440
334 470
334 580
334 589
334 599
334 666
334 672
334 725
334 920
335 385
335 418
335 450
335 488
335 490
335 581
335 684
335 705
335 713
335 720
335 808
335 835
336 338
336 343
336 351
336 380
336 423
336 524
336 531
336 556
336 573
336 615
336 657
336 714
336 717
336 752
336 759
336 763
336 962
337 350
337 406
337 518
337 538
337 562
337 566
337 622
337 626
337 655
337 685
337 721
337 755
337 769
337 864
337 955
337 960
337 999
338 362
338 412
338 492
338 501
338 507
338 527
338 596
338 603
338 613
338 628
338 645
338 707
338 743
338 766
338 773
338 897
338 904
338 999
339 424
339 579
339 602
339 638
339 678
339 683
339 764
339 805
339 807
339 845
339 931
340 382
340 405
340 410
340 426
340 446
340 462
340 586
340 619
340 651
340 689
340 878
341 369
341 439
341 738
341 743
341 788
341 862
341 908
342 387
342 417
342 422
342 463
342 563
342 634
342 650
342 708
342 744
342 770
342 785
342 855
342 945
342 973
342 990
343 440
343 543
343 557
343 600
343 648
343 650
343 654
343 669
343 741
343 758
343 844
343 897
343 961
344 360
344 387
344 408
344 453
344 593
344 744
344 747
344 748
344 793
344 933
345 523
345 558
345 565
345 641
345 688
345 793
345 922
345 985
346 386
346 420
346 428
346 597
346 633
346 652
346 826
346 903
346 965
346 975
346 977
347 416
347 435
347 532
347 536
347 646
347 924
347 973
348 377
348 424
348 539
348 576
348 580
348 609
348 618
348 706
348 719
348 823
348 837
348 891
348 946
348 948
349 463
349 484
349 540
349 565
349 568
349 621
349 644
349 661
349 709
349 731
349 745
349 842
349 868
349 939
349 942
350 374
350 403
350 416
350 434
350 437
350 479
350 630
350 658
350 911
350 927
350 981
351 393
351 395
351 489
351 521
351 570
351 632
351 702
351 723
351 952
351 997
352 362
352 400
352 439
352 480
352 522
352 598
352 632
352 707
352 742
352 842
352 856
352 869
352 950
352 953
353 424
353 432
353 447
353 451
353 534
353 566
353 617
353 625
353 869
353 940
353 947
353 976
353 992
354 363
354 372
354 378
354 405
354 459
354 509
354 511
354 550
354 595
354 625
354 654
354 687
354 714
354 794
354 799
354 808
354 832
354 969
354 992
355 394
355 397
355 434
355 482
355 519
355 564
355 575
355 706
355 775
355 795
355 803
355 886
355 978
355 985
356 388
356 481
356 515
356 549
356 580
356 582
356 670
356 701
356 734
356 752
356 766
356 833
356 867
356 941
356 992
356 999
357 413
357 551
357 562
357 609
357 612
357 626
357 633
357 773
357 926
357 937
357 944
358 365
358 427
358 567
358 643
358 736
358 749
358 751
358 805
358 812
358 835
358 851
358 854
358 920
358 922
358 953
358 980
359 392
359 599
359 611
359 617
359 634
359 646
359 740
359 767
359 821
359 837
359 914
359 920
359 997
360 393
360 602
360 649
360 650
360 735
360 758
360 903
360 960
360 983
360 986
361 364
361 386
361 391
361 394
361 502
361 571
361 574
361 613
361 662
361 716
361 852
361 945
361 982
362 383
362 446
362 540
362 618
362 671
362 683
362 832
362 864
362 900
362 989
363 374
363 545
363 593
363 687
363 703
363 712
363 740
363 806
363 810
363 816
363 859
363 963
363 973
364 389
364 480
364 670
364 697
364 714
364 718
364 850
364 937
364 966
364 968
365 412
365 418
365 457
365 589
365 644
365 709
365 712
365 856
365 899
366 403
366 520
366 547
366 675
366 698
366 738
366 756
366 777
366 915
366 997
367 505
367 528
367 535
367 545
367 566
367 673
367 682
367 693
367 723
367 810
367 813
367 814
367 817
367 839
368 413
368 486
368 507
368 542
368 551
368 563
368 624
368 684
368 703
368 821
368 834
368 903
368 946
368 983
369 470
369 571
369 657
369 693
369 765
369 958
370 398
370 399
370 726
370 730
370 767
370 784
370 828
371 476
371 506
371 527
371 601
371 661
371 802
371 872
371 897
371 901
371 929
371 969
371 971
372 388
372 396
372 416
372 434
372 438
372 498
372 685
372 742
372 752
372 799
372 814
372 876
372 881
372 883
372 901
373 444
373 564
373 594
373 682
373 683
373 695
373 709
373 720
373 776
373 847
373 902
373 961
373 969
374 441
374 556
374 603
374 633
374 795
374 810
374 827
374 881
374 979
374 989
375 413
375 446
375 499
375 519
375 632
375 661
375 709
375 777
375 789
375 832
375 867
375 909
375 911
375 943
375 982
376 394
376 517
376 537
376 552
376 590
376 617
376 628
376 658
376 715
376 867
376 876
376 892
376 924
376 969
377 411
377 414
377 597
377 601
377 613
377 666
377 674
377 694
377 749
377 818
377 819
377 930
377 932
377 936
377 993
377 996
378 396
378 402
378 415
378 475
378 484
378 535
378 539
378 601
378 751
378 764
378 945
379 394
379 401
379 406
379 610
379 613
379 744
379 793
379 844
380 407
380 425
380 432
380 441
380 482
380 590
380 591
380 597
380 605
380 631
380 655
380 679
380 682
380 718
380 863
380 992
380 998
381 436
381 566
381 607
381 628
381 673
381 687
381 706
381 729
381 735
381 736
381 758
381 792
381 838
381 887
381 944
381 952
381 985
382 399
382 484
382 501
382 572
382 661
382 679
382 706
382 801
382 960
382 999
383 406
383 417
383 432
383 544
383 581
383 630
383 631
383 648
383 652
383 711
383 885
383 939
383 987
384 404
384 471
384 481
384 574
384 629
384 638
384 653
384 667
384 730
384 738
384 755
384 979
385 497
385 502
385 552
385 576
385 579
385 636
385 639
385 655
385 656
385 766
385 845
385 872
385 926
385 986
386 422
386 453
386 564
386 658
386 717
386 857
386 864
386 895
386 999
387 411
387 462
387 463
387 530
387 622
387 636
387 819
387 884
387 934
388 460
388 530
388 533
388 558
388 675
388 712
388 736
388 802
388 822
388 861
388 901
388 902
388 923
388 938
388 958
388 993
389 628
389 636
389 797
389 864
389 873
389 892
389 924
389 973
390 452
390 494
390 578
390 604
390 682
390 689
390 691
390 705
390 719
390 864
390 880
390 942
391 403
391 405
391 435
391 510
391 666
391 676
391 678
391 705
391 725
391 734
391 758
391 853
391 882
391 939
391 978
392 417
392 418
392 499
392 696
392 790
392 889
392 944
393 434
393 454
393 470
393 581
393 611
393 745
393 760
393 868
393 946
393 972
394 418
394 470
394 477
394 485
394 508
394 516
394 524
394 556
394 623
394 629
394 639
394 664
394 687
394 700
394 790
394 841
394 909
394 958
394 961
394 964
394 972
394 992
394 999
395 402
395 404
395 433
395 657
395 714
395 748
395 807
395 913
395 922
396 458
396 469
396 487
396 524
396 534
396 622
396 636
396 745
396 788
396 789
396 805
396 833
396 958
396 963
396 972
397 488
397 490
397 493
397 545
397 644
397 657
397 728
397 836
397 879
397 902
397 960
397 961
397 967
397 973
398 399
398 471
398 500
398 504
398 520
398 540
398 599
398 661
398 740
398 802
398 818
398 847
398 883
399 427
399 434
399 483
399 492
399 584
399 599
399 630
399 633
399 639
399 669
399 704
399 767
399 794
399 824
399 844
399 851
399 881
399 892
399 894
399 950
399 952
399 982
399 984
399 994
400 579
400 600
400 609
400 645
400 728
400 737
400 741
400 771
400 821
400 929
400 948
400 966
401 439
401 497
401 547
401 609
401 750
401 765
401 820
401 899
401 996
402 587
402 601
402 665
402 674
402 685
402 700
402 743
402 754
402 773
402 906
402 907
402 930
403 434
403 521
403 627
403 656
403 660
403 738
403 821
403 895
403 919
403 949
404 597
404 612
404 711
404 839
405 414
405 459
405 576
405 584
405 615
405 618
405 718
405 813
405 833
405 976
406 496
406 615
406 695
406 737
406 744
406 840
406 841
406 863
406 885
406 898
406 963
407 415
407 433
407 567
407 590
407 614
407 741
407 766
407 841
407 883
407 940
407 992
408 454
408 525
408 541
408 674
408 762
408 784
408 902
408 980
408 989
409 510
409 546
409 928
410 457
410 511
410 603
410 615
410 666
410 687
410 756
410 811
410 852
410 858
410 871
410 962
410 993
411 487
411 494
411 567
411 568
411 660
411 751
411 932
411 990
412 436
412 482
412 483
412 528
412 610
412 620
412 635
412 679
412 680
412 753
412 769
412 846
412 848
412 880
413 417
413 530
413 567
413 569
413 588
413 642
413 659
413 754
413 756
413 812
413 929
413 990
414 511
414 523
414 547
414 550
414 616
414 626
414 727
414 788
414 832
414 840
414 877
414 881
414 914
414 949
414 969
415 427
415 477
415 606
415 634
415 705
415 772
415 786
415 826
416 428
416 471
416 575
416 646
416 671
416 686
416 691
416 789
416 806
416 882
416 909
417 463
417 499
417 604
417 627
417 628
417 682
417 701
417 760
417 943
417 983
417 988
418 474
418 510
418 847
418 863
418 949
419 452
419 508
419 539
419 541
419 573
419 606
419 609
419 641
419 754
419 787
419 804
419 897
419 939
419 947
420 454
420 464
420 552
420 564
420 655
420 724
420 752
420 806
420 907
420 936
420 957
421 489
421 546
421 785
421 939
421 947
422 452
422 473
422 566
422 583
422 591
422 606
422 748
422 795
422 810
422 929
423 479
423 525
423 535
423 541
423 706
423 740
423 754
423 905
423 954
423 960
424 510
424 514
424 541
424 588
424 677
424 751
424 814
424 903
425 426
425 458
425 494
425 529
425 533
425 564
425 665
425 675
425 701
425 774
425 812
425 905
425 949
425 998
426 467
426 538
426 550
426 551
426 649
426 670
426 701
426 714
426 837
426 853
426 907
426 918
427 461
427 488
427 566
427 604
427 649
427 721
427 752
428 447
428 612
428 621
428 672
428 680
428 759
428 766
428 811
428 896
428 973
429 447
429 544
429 564
429 640
429 650
429 663
429 856
429 888
429 998
430 451
430 454
430 672
430 673
430 676
430 694
430 704
430 750
430 756
430 841
430 844
430 919
430 953
430 969
430 974
430 984
431 503
431 522
431 536
431 603
431 622
431 782
431 783
431 878
432 493
432 693
432 729
432 790
432 818
432 866
432 959
432 993
433 499
433 629
433 700
433 702
433 749
433 789
434 523
434 555
434 559
434 599
434 631
434 699
434 751
434 760
434 782
434 801
434 961
434 964
435 469
435 684
435 787
435 807
435 827
435 836
435 898
435 951
435 961
436 439
436 545
436 571
436 575
436 625
436 651
436 741
436 914
436 924
436 983
437 448
437 481
437 561
437 618
437 650
437 684
437 765
437 768
437 770
437 812
437 818
437 832
437 839
437 890
437 908
437 939
437 966
437 980
438 603
438 744
438 761
438 785
438 864
438 899
438 916
438 933
439 462
439 468
439 473
439 501
439 507
439 523
439 599
439 720
439 766
439 801
439 804
439 827
439 845
439 854
440 545
440 592
440 629
440 638
440 655
440 684
440 715
440 748
440 756
440 816
440 912
440 949
440 963
440 996
441 446
441 464
441 470
441 586
441 623
441 710
441 760
441 780
441 863
441 866
442 464
442 502
442 508
442 544
442 656
442 667
442 671
442 697
442 739
442 807
442 808
442 857
442 870
442 873
442 886
442 923
443 510
443 596
443 741
443 790
443 940
443 950
444 491
444 549
444 559
444 567
444 613
444 630
444 641
444 690
444 740
444 746
444 791
444 824
444 832
444 839
444 914
444 947
444 954
444 961
444 980
445 451
445 518
445 533
445 546
445 584
445 616
445 672
445 737
445 813
445 863
445 869
445 916
445 947
445 983
446 473
446 502
446 561
446 587
446 595
446 618
446 640
446 684
446 842
446 874
446 875
447 471
447 616
447 634
447 679
447 687
447 797
447 801
447 848
447 865
447 887
447 893
448 525
448 535
448 717
448 841
448 854
448 908
449 450
449 549
449 618
449 674
449 704
449 761
449 812
449 928
449 995
450 493
450 495
450 513
450 528
450 542
450 547
450 577
450 610
450 699
450 735
450 767
451 515
451 537
451 629
451 656
451 667
451 676
451 871
451 890
451 899
451 949
452 504
452 576
452 609
452 666
452 750
452 756
452 888
452 905
452 941
452 942
452 955
453 497
453 520
453 536
453 560
453 705
453 716
453 728
453 760
453 824
453 857
453 876
453 887
453 913
453 948
453 965
454 554
454 633
454 657
454 794
454 882
454 889
454 955
454 990
455 479
455 499
455 506
455 562
455 582
455 672
455 700
455 728
455 875
455 893
455 917
456 459
456 511
456 643
456 649
456 661
456 672
456 690
456 776
456 790
456 828
456 830
456 943
456 999
457 461
457 526
457 537
457 584
457 611
457 683
457 724
457 765
457 825
457 866
457 876
457 901
457 911
457 915
458 467
458 477
458 581
458 607
458 617
458 668
458 759
458 765
458 802
458 893
458 909
458 988
459 493
459 752
459 764
459 787
459 796
459 810
459 845
459 875
459 884
459 885
459 921
459 988
460 474
460 502
460 510
460 631
460 632
460 678
460 708
460 779
460 907
460 985
461 522
461 539
461 593
461 644
461 645
461 660
461 677
461 718
461 802
461 827
461 844
461 861
461 870
461 966
461 970
462 464
462 640
462 733
462 779
462 844
462 903
462 935
462 939
462 953
462 988
463 526
463 727
463 756
463 818
463 859
463 980
464 552
464 655
464 680
464 707
464 762
464 820
464 829
464 832
464 865
464 962
465 562
465 630
465 657
465 710
465 889
465 912
466 491
466 542
466 546
466 646
466 682
466 747
466 779
466 829
466 839
466 934
467 476
467 479
467 502
467 587
467 596
467 716
467 861
467 897
468 492
468 557
468 613
468 694
468 700
468 751
468 782
468 792
468 805
468 867
468 928
468 977
469 499
469 530
469 606
469 684
469 686
469 705
469 709
469 734
469 795
469 842
469 864
469 963
470 537
470 540
470 878
471 473
471 485
471 520
471 558
471 579
471 597
471 631
471 696
471 709
471 736
471 841
471 950
471 980
472 585
472 736
472 757
472 763
472 799
472 835
472 889
472 923
472 950
472 951
473 483
473 505
473 514
473 575
473 603
473 682
473 721
473 823
473 907
474 540
474 603
474 761
474 777
474 868
474 885
474 891
474 921
474 929
474 990
475 518
475 531
475 633
475 636
475 642
475 699
475 707
475 798
475 845
475 859
475 902
476 545
476 583
476 591
476 617
476 650
476 677
476 724
476 768
476 771
476 787
476 798
476 891
476 913
476 973
477 537
477 564
477 741
477 752
477 979
478 586
478 630
478 848
478 874
478 892
478 906
478 943
478 989
479 569
479 609
479 670
479 718
479 734
479 776
479 808
479 914
479 919
479 939
479 989
480 510
480 571
480 598
480 603
480 637
480 661
480 680
480 703
480 711
480 831
480 846
480 874
480 933
480 957
481 526
481 584
481 631
481 676
481 738
481 808
481 824
481 859
481 956
481 961
482 498
482 522
482 728
482 739
482 745
482 868
482 896
482 951
483 609
483 611
483 648
483 652
483 692
483 700
483 703
483 713
483 742
483 748
483 798
483 801
484 558
484 573
484 576
484 617
484 742
484 754
484 792
484 822
484 858
484 955
485 517
485 527
485 545
485 549
485 604
485 722
485 766
485 828
485 831
485 859
485 903
485 932
485 934
485 954
486 532
486 635
486 636
486 688
486 713
486 753
486 798
486 811
486 908
486 924
486 999
487 509
487 513
487 516
487 565
487 592
487 595
487 597
487 794
487 850
487 932
487 962
488 515
488 522
488 525
488 591
488 610
488 615
488 656
488 686
488 756
488 766
488 799
488 910
488 954
489 551
489 672
489 703
489 711
489 788
489 794
490 543
490 552
490 634
490 652
490 678
490 690
490 808
490 943
490 952
491 502
491 576
491 644
491 645
491 662
491 678
491 759
491 784
491 800
491 804
491 811
491 974
491 981
492 494
492 702
492 707
492 738
492 788
492 816
492 848
492 873
492 877
492 938
492 972
493 572
493 641
493 680
493 687
493 730
493 782
493 793
493 808
493 815
493 822
493 881
493 899
493 909
493 964
494 510
494 726
494 863
494 870
494 896
494 917
494 940
494 974
495 541
495 552
495 641
495 676
495 682
495 857
496 579
496 580
496 609
496 652
496 717
496 750
496 775
496 788
496 884
496 911
497 511
497 539
497 571
497 778
497 834
497 992
498 505
498 522
498 529
498 546
498 649
498 738
498 752
498 762
498 789
498 971
499 559
499 593
499 599
499 726
499 762
499 807
499 853
499 862
499 868
499 881
499 897
499 934
499 939
499 951
499 970
499 983
500 590
500 615
500 617
500 658
500 697
500 902
500 955
500 958
500 979
501 546
501 608
501 612
501 693
501 739
501 800
501 842
501 888
501 961
502 506
502 517
502 526
502 629
502 639
502 673
502 684
502 692
502 783
502 806
502 881
502 908
502 982
503 600
503 608
503 671
503 707
503 800
503 831
503 849
503 931
503 976
503 980
503 996
504 538
504 539
504 554
504 723
504 794
504 913
505 548
505 585
505 587
505 610
505 696
505 956
505 970
506 515
506 558
506 623
506 664
506 749
506 786
506 824
506 896
506 920
506 943
506 949
506 964
507 571
507 602
507 844
507 851
507 883
507 911
507 932
507 984
508 581
508 730
508 778
508 963
509 568
509 628
509 645
509 651
509 655
509 815
509 885
509 926
509 947
509 975
510 561
510 563
510 625
510 649
510 683
510 695
510 705
510 807
510 863
510 927
510 945
510 993
511 514
511 534
511 549
511 760
511 801
511 840
512 537
512 612
512 837
512 875
512 924
512 957
512 999
513 538
513 626
513 693
513 713
513 731
513 759
513 761
513 832
513 889
513 899
513 904
513 913
514 583
514 587
514 603
514 613
514 628
514 673
514 699
514 742
514 755
514 784
514 799
514 803
514 805
514 858
514 912
514 936
514 963
515 607
515 608
515 636
515 658
515 698
515 704
515 746
515 861
515 889
515 914
515 973
516 548
516 572
516 718
516 813
516 823
516 909
517 616
517 683
517 806
517 822
517 827
517 945
517 974
518 529
518 538
518 553
518 684
518 722
518 739
518 772
518 793
518 875
518 879
518 911
518 935
518 939
518 948
518 995
519 552
519 629
519 776
519 805
519 817
519 821
519 825
519 885
519 900
519 932
520 601
520 606
520 631
520 638
520 648
520 752
520 760
520 796
520 812
520 891
520 921
520 946
520 983
520 996
521 547
521 600
521 612
521 617
521 756
521 821
521 831
521 835
521 841
521 960
521 977
521 988
522 577
522 741
522 797
522 877
523 534
523 649
523 658
523 687
523 719
523 796
523 823
523 914
523 987
524 686
524 694
524 783
524 787
524 794
524 817
524 897
524 958
525 565
525 643
525 864
525 870
525 873
525 900
525 961
525 992
526 559
526 585
526 607
526 643
526 762
526 835
526 841
526 888
526 943
526 985
526 986
527 571
527 718
527 767
527 770
527 781
527 884
527 925
528 540
528 560
528 630
528 645
528 775
528 940
529 570
529 594
529 754
529 780
529 807
529 886
529 920
529 988
530 707
530 717
530 852
530 861
530 983
531 594
531 665
531 746
531 795
531 832
531 871
531 875
531 881
531 929
531 940
531 959
532 557
532 593
532 666
532 698
532 714
532 723
532 736
532 753
532 853
532 899
532 903
532 923
532 952
532 999
533 562
533 568
533 674
533 803
533 869
533 955
534 553
534 561
534 587
534 637
534 762
534 798
534 800
534 803
534 829
534 839
534 910
534 914
534 958
535 538
535 610
535 862
535 873
535 936
536 715
536 732
536 772
536 835
536 873
536 874
536 914
536 966
536 984
537 655
537 703
537 771
537 857
537 957
538 560
538 577
538 580
538 608
538 638
538 665
538 667
538 719
538 754
538 796
538 825
538 857
538 872
538 963
538 999
539 607
539 665
539 691
539 715
539 728
539 735
539 749
539 775
539 840
539 904
539 987
540 623
540 697
540 700
540 793
540 940
541 674
541 793
541 842
541 848
541 853
541 888
541 947
541 960
542 545
542 551
542 580
542 591
542 677
542 710
542 714
542 718
542 736
542 783
542 836
542 880
542 885
542 903
542 946
542 961
542 968
543 587
543 599
543 616
543 639
543 640
543 667
543 668
543 690
543 712
543 802
543 856
543 959
543 982
544 643
544 711
544 713
544 772
544 889
544 893
544 895
544 944
544 948
544 981
545 553
545 562
545 597
545 670
545 706
545 747
545 760
545 790
545 842
545 874
545 914
546 610
546 611
546 612
546 651
546 665
546 717
546 761
546 794
546 805
546 943
546 965
547 569
547 625
547 657
547 738
547 820
547 861
547 894
547 903
547 995
548 656
548 659
548 708
548 737
549 555
549 597
549 606
549 615
549 648
549 674
549 682
549 752
549 820
549 841
549 966
549 974
550 588
550 711
550 765
550 899
550 966
550 980
551 608
551 633
551 668
551 678
551 759
551 877
551 887
552 553
552 585
552 646
552 647
552 785
552 812
552 816
552 833
552 845
552 847
552 894
552 922
553 557
553 629
553 668
553 747
553 819
553 847
553 960
554 593
554 618
554 745
554 751
554 801
554 835
554 889
554 899
554 925
554 926
554 979
554 993
555 574
555 626
555 657
555 694
555 757
555 787
555 845
555 882
555 919
555 927
555 968
556 591
556 637
556 788
556 818
556 914
557 652
557 681
557 767
557 820
557 952
557 954
558 587
558 593
558 604
558 646
558 741
558 788
558 847
558 892
558 898
558 935
559 582
559 612
559 770
559 823
559 919
559 988
560 568
560 603
560 626
560 715
560 758
560 775
560 899
560 903
560 941
561 568
561 575
561 657
561 663
561 664
561 675
561 682
561 697
561 742
561 783
561 856
561 931
562 620
562 696
562 765
562 796
562 833
562 848
562 906
563 584
563 643
563 848
563 869
563 916
563 997
564 599
564 612
564 633
564 675
564 758
564 791
564 899
564 915
564 935
565 568
565 691
565 771
565 792
565 832
565 861
565 870
565 882
566 579
566 616
566 642
566 673
566 743
566 784
566 839
566 890
567 577
567 654
567 685
567 732
567 847
567 916
567 919
567 922
568 610
568 683
568 684
568 735
568 779
568 939
569 768
569 775
569 835
569 871
569 949
570 628
570 697
570 752
570 777
570 824
570 855
570 908
570 926
571 595
571 665
571 728
571 775
571 871
571 921
571 982
571 994
572 574
572 655
572 699
572 730
572 829
572 937
572 962
572 993
573 788
573 801
573 845
573 848
573 982
574 583
574 654
574 744
574 830
574 835
574 878
574 927
574 972
574 975
575 649
575 679
575 735
575 757
575 813
575 877
575 921
575 949
575 986
576 625
576 682
576 706
576 715
576 931
576 934
576 968
576 973
576 993
577 715
577 753
577 755
577 768
577 795
577 885
577 982
578 665
578 681
578 687
578 739
578 744
578 790
578 883
578 917
579 588
579 612
579 702
579 780
579 801
579 807
579 828
580 679
580 692
580 729
580 745
580 764
580 801
580 940
581 593
581 601
581 632
581 672
581 676
581 682
581 779
581 802
581 831
581 876
581 915
582 610
582 671
582 702
582 791
582 793
582 812
582 932
582 934
582 944
583 638
583 662
583 752
583 781
583 797
583 801
583 844
584 733
584 738
584 790
584 821
584 860
584 895
584 944
585 597
585 728
585 806
585 813
585 861
585 924
585 925
585 927
586 594
586 663
586 670
586 739
586 909
586 933
586 993
587 593
587 737
587 946
588 598
588 627
588 742
588 811
588 815
588 823
588 932
589 620
589 685
589 740
589 791
589 837
589 869
589 896
590 676
590 887
590 910
590 973
591 598
591 612
591 629
591 703
591 712
591 715
591 731
591 783
591 896
591 912
591 942
592 626
592 653
592 674
592 759
592 778
592 846
592 865
592 874
592 953
592 959
593 695
593 704
593 720
593 731
593 774
593 776
593 845
593 880
593 966
594 598
594 607
594 643
594 687
594 748
594 871
594 960
595 630
595 653
595 663
595 678
595 691
595 836
595 909
595 938
595 948
596 632
596 639
596 671
596 733
596 736
596 805
596 882
596 897
596 981
597 645
597 651
597 697
597 708
597 777
597 823
597 845
597 848
597 919
597 972
597 982
598 703
598 772
598 833
598 891
598 893
598 923
598 940
599 639
599 741
599 777
599 839
599 849
599 926
599 948
599 976
599 984
600 620
600 710
600 820
600 897
600 976
601 641
601 710
601 791
601 797
601 895
601 958
601 962
602 609
602 630
602 664
602 743
602 826
602 886
602 887
602 991
603 623
603 675
603 722
603 747
603 759
603 792
603 805
603 841
603 894
603 901
603 920
603 937
603 957
604 628
604 777
604 818
604 839
604 884
605 644
605 717
605 735
605 744
605 752
605 800
605 932
605 991
606 611
606 618
606 667
606 694
606 743
606 776
606 867
606 871
606 877
606 881
606 924
606 989
607 644
607 656
607 714
607 720
607 771
607 852
607 876
607 889
607 895
607 919
607 964
608 681
608 775
608 829
608 891
608 925
609 631
609 679
609 884
609 897
609 920
609 960
609 975
610 651
610 863
610 937
610 951
611 668
611 715
611 733
611 766
611 794
611 816
611 822
611 929
611 956
611 983
612 636
612 667
612 721
612 756
612 824
612 831
612 853
612 917
612 957
613 711
613 946
614 680
614 710
614 718
614 773
614 838
615 717
615 739
615 776
615 807
615 834
615 847
615 911
616 643
616 693
616 714
616 813
616 898
616 909
616 965
616 982
617 642
617 655
617 690
617 706
617 717
617 741
617 784
617 828
617 876
617 907
617 915
617 997
618 632
618 651
618 664
618 717
618 729
618 802
618 808
618 821
618 840
618 929
619 712
619 809
619 819
619 820
619 822
620 634
620 650
620 664
620 812
620 841
620 870
621 631
621 644
621 681
621 708
621 792
621 808
621 809
621 896
622 626
622 630
622 675
622 684
622 724
622 770
623 684
623 711
623 758
623 819
623 877
624 660
624 707
624 759
624 760
624 822
624 914
624 934
624 983
625 636
625 654
625 656
625 861
626 672
626 697
626 698
626 708
626 727
626 775
626 850
626 873
626 889
626 891
626 905
626 930
626 982
627 631
627 643
627 695
627 797
627 803
627 917
628 746
628 828
628 872
628 907
629 689
629 737
629 809
630 832
630 884
630 890
630 932
630 969
630 984
631 667
631 712
631 749
631 797
631 856
631 896
631 910
631 919
631 967
632 710
632 841
632 856
632 864
632 879
632 924
633 653
633 671
633 673
633 741
633 752
633 761
633 797
633 808
633 830
633 949
633 995
634 672
634 692
634 778
634 812
634 850
634 889
634 909
634 924
634 930
634 949
635 636
635 670
635 694
635 760
635 779
635 803
635 866
635 904
635 987
636 661
636 835
636 870
636 889
636 909
636 915
636 956
636 996
637 652
637 657
637 771
637 794
637 801
637 887
637 973
638 641
638 649
638 700
638 785
638 800
638 857
639 727
639 745
639 849
639 925
639 966
639 986
640 653
640 745
640 766
640 829
640 881
640 999
641 652
641 688
641 729
641 791
641 835
641 876
641 912
641 924
641 980
642 756
642 775
642 785
642 849
642 887
642 904
642 968
643 647
643 692
643 908
643 989
644 745
644 846
644 879
644 973
645 671
645 696
645 742
645 752
645 754
645 776
645 833
645 837
645 946
646 710
646 811
646 825
646 854
646 888
646 891
646 902
646 917
646 933
647 654
647 773
647 872
647 887
647 995
647 997
648 798
648 799
648 802
648 811
648 900
648 923
648 931
649 681
649 692
649 709
649 739
649 944
649 986
650 664
650 769
650 797
650 858
651 663
651 714
651 729
651 740
651 844
651 867
651 898
651 957
652 671
652 720
652 744
652 805
652 820
652 840
652 917
652 989
653 703
653 704
653 709
653 751
653 834
653 838
653 868
653 869
654 688
654 707
654 814
654 822
655 682
655 755
655 816
655 832
655 837
655 961
655 962
655 976
655 983
656 671
656 675
656 736
656 797
656 999
657 756
657 765
657 878
657 935
658 853
658 919
658 974
659 678
659 720
659 738
659 795
659 820
659 860
659 861
659 984
660 708
660 719
660 808
660 847
660 893
660 940
660 988
661 779
661 877
662 787
662 789
662 790
662 812
662 884
662 983
662 985
662 996
663 707
663 770
663 773
663 877
663 886
663 944
663 991
664 730
664 766
664 799
664 831
664 869
664 896
664 976
665 666
665 673
665 823
665 834
665 872
665 890
666 707
666 727
666 746
666 849
666 996
667 685
667 732
667 789
667 814
667 883
667 918
668 671
668 698
668 850
668 860
668 866
668 881
669 688
669 765
669 783
669 852
669 927
669 942
669 949
670 691
670 709
670 741
670 979
671 679
671 684
671 686
671 688
671 736
671 888
671 920
671 926
671 969
672 685
672 703
672 737
672 761
672 808
672 835
672 915
672 932
673 687
673 696
673 788
673 806
673 873
673 877
673 891
673 901
673 919
673 942
673 947
673 984
674 687
674 757
674 759
674 776
674 798
674 809
674 869
674 971
674 997
675 756
675 849
675 946
675 962
676 707
676 729
676 832
676 905
676 965
677 877
677 890
677 910
677 937
677 976
677 999
678 685
678 697
678 714
678 797
678 814
678 892
678 953
679 691
679 721
679 861
679 882
679 912
679 918
679 985
679 988
679 993
680 684
680 689
680 771
680 803
680 879
680 893
680 930
680 940
680 968
681 722
681 740
681 841
681 926
681 932
682 689
682 799
682 919
683 826
683 902
683 944
684 790
684 816
685 783
685 787
685 816
686 972
686 990
687 730
687 831
687 849
687 894
687 984
687 987
688 706
688 749
688 751
688 788
688 815
688 827
688 856
688 867
688 916
688 918
688 920
688 936
689 732
689 753
689 783
689 846
689 902
689 939
689 986
690 703
690 714
690 751
690 778
690 883
691 693
691 744
691 760
691 764
691 777
691 786
691 882
691 905
692 794
692 811
692 824
692 844
692 852
692 879
692 885
692 896
692 938
693 769
693 786
693 790
693 822
693 874
693 920
693 945
693 978
694 727
694 734
694 775
694 922
694 938
694 941
695 704
695 770
695 782
695 905
695 958
695 972
696 698
696 818
696 859
696 864
696 935
697 730
697 827
697 934
698 738
698 766
698 915
699 729
699 882
699 975
700 702
700 741
700 747
700 831
700 841
700 843
701 754
701 767
701 885
701 893
701 933
702 754
702 892
702 957
703 730
703 744
703 834
703 941
704 712
704 753
704 761
704 843
704 860
704 861
704 874
704 915
704 920
704 972
704 985
705 748
705 800
705 816
705 824
705 839
706 730
706 802
706 896
706 901
706 969
707 748
707 803
707 846
707 882
708 801
708 803
708 876
708 950
708 957
708 982
709 731
709 759
709 936
709 948
709 988
710 754
710 776
710 966
711 876
711 887
711 904
711 923
712 762
712 863
712 905
712 946
712 951
713 787
713 824
713 829
713 915
713 927
713 933
713 955
713 972
713 980
714 723
714 786
714 842
714 881
714 902
715 758
715 808
715 812
715 824
715 830
715 933
715 938
716 738
716 766
716 789
716 831
716 866
716 900
716 914
716 954
716 973
717 739
717 751
717 762
717 766
717 801
717 955
717 973
718 758
718 788
718 832
718 839
718 853
718 870
718 955
718 982
719 723
719 746
719 748
719 787
719 788
719 827
719 835
719 861
719 895
719 905
719 972
720 770
720 776
720 888
720 944
720 994
721 728
721 761
721 782
721 825
721 842
721 938
721 992
722 746
722 840
722 912
722 936
722 975
722 997
723 737
723 909
723 923
723 930
724 879
724 896
724 999
725 727
725 844
726 744
726 747
726 755
726 903
726 918
726 975
727 845
727 862
727 878
727 913
727 964
727 990
728 787
728 811
728 884
728 928
728 929
728 937
728 938
728 969
729 732
729 741
729 742
729 774
729 799
729 878
729 909
729 910
729 920
729 925
729 982
730 779
730 836
730 902
731 761
731 820
731 865
731 868
731 912
731 955
731 998
732 769
732 911
732 922
732 934
732 946
733 736
733 768
733 784
733 808
733 971
733 984
733 990
734 788
734 887
734 929
734 933
734 969
734 995
735 741
735 765
735 858
735 957
735 986
736 746
736 791
736 816
736 826
736 855
737 806
737 828
737 857
737 865
737 870
738 743
738 775
738 786
738 807
738 824
738 859
738 884
738 940
739 769
739 788
739 835
739 840
739 936
739 957
740 769
740 784
740 844
740 856
740 870
740 890
740 946
741 907
741 990
742 752
742 804
742 957
742 989
743 758
743 768
743 821
743 827
743 846
743 860
743 906
743 913
743 934
743 948
743 950
743 968
743 991
744 844
744 851
744 868
744 894
744 916
744 967
744 982
745 772
745 825
745 853
745 902
745 963
745 972
746 802
746 897
746 900
746 974
746 978
747 763
747 878
747 930
747 953
747 963
748 767
748 782
748 809
748 878
748 897
748 914
749 772
749 801
749 843
749 899
749 907
749 985
749 995
750 767
750 786
750 802
750 808
750 830
750 861
750 864
750 872
750 874
751 790
751 850
751 891
752 765
752 810
752 975
753 800
753 828
753 889
753 918
753 990
754 774
754 859
754 975
755 773
755 782
755 790
755 857
755 862
755 896
755 907
755 923
755 927
755 952
756 773
756 783
756 874
756 901
756 903
756 955
756 984
757 761
757 766
757 772
757 822
757 861
757 907
757 913
757 971
758 788
758 794
758 881
758 935
758 941
758 997
759 770
759 803
759 830
759 852
759 926
759 931
759 950
760 920
760 950
761 812
761 817
761 819
761 907
761 908
761 950
761 968
761 979
762 793
762 862
762 877
762 886
762 936
762 960
762 971
762 979
762 993
763 789
763 813
763 926
763 927
763 932
764 774
764 781
764 823
764 860
764 868
764 873
764 874
764 916
764 953
765 813
765 953
766 835
766 897
766 922
766 956
767 890
767 961
768 879
768 889
768 910
768 940
769 784
769 794
769 821
769 834
769 892
769 932
770 812
770 928
770 962
771 851
771 860
771 865
771 922
773 806
773 835
774 824
774 828
774 836
774 855
774 868
774 875
774 933
775 902
775 911
775 915
775 964
776 785
776 847
776 944
776 966
777 785
777 794
777 815
777 835
777 866
777 888
777 936
777 938
778 869
778 979
778 999
779 796
779 896
779 994
780 841
780 993
781 853
781 866
781 996
782 804
782 855
782 873
782 888
782 902
782 919
782 945
783 785
783 807
783 810
783 864
783 926
783 974
783 976
784 785
784 883
784 947
785 897
785 919
785 945
785 951
785 953
785 964
785 982
785 997
786 790
786 810
786 833
786 841
786 900
786 971
786 997
787 864
787 880
787 911
787 988
787 991
788 830
788 858
788 897
788 968
789 799
789 801
789 867
789 886
789 941
790 876
790 975
790 984
790 985
791 817
791 904
791 972
792 802
792 876
792 913
792 996
793 846
793 911
793 996
794 827
794 853
794 875
794 876
794 877
795 823
795 835
795 939
795 956
796 819
796 836
796 845
796 883
797 798
797 829
797 878
797 893
797 970
798 819
798 834
798 983
799 903
799 917
799 931
800 864
800 883
800 930
800 967
801 856
801 861
801 880
801 914
801 921
801 976
802 869
802 872
802 921
802 931
802 953
802 966
803 975
804 809
804 829
804 937
805 879
805 891
805 903
805 944
805 996
806 831
806 851
806 909
806 932
806 940
806 981
807 831
807 850
807 862
807 933
808 847
808 880
808 886
808 890
808 935
809 810
809 908
809 918
809 967
811 828
811 945
812 839
812 904
812 965
813 817
813 827
813 831
813 928
813 961
813 971
813 983
813 998
814 869
815 856
815 885
815 955
816 837
816 864
816 875
816 879
816 947
816 958
817 828
817 948
818 891
819 864
819 912
819 973
820 869
820 880
820 891
820 998
821 892
821 931
822 826
823 925
823 932
824 873
824 913
824 930
824 932
824 997
825 895
825 918
825 974
825 991
825 998
826 960
827 885
827 936
827 996
828 839
828 847
828 911
828 950
828 954
829 832
829 847
829 946
830 874
830 892
830 895
830 957
831 843
831 845
831 864
831 967
832 907
832 978
833 917
833 943
834 969
835 951
835 976
836 900
836 924
837 990
837 998
838 900
838 983
839 911
839 919
839 974
840 858
840 871
840 895
840 938
841 918
841 924
841 925
841 929
842 849
842 866
842 907
843 891
843 908
843 916
843 925
843 942
843 980
843 999
844 926
844 928
844 951
844 961
844 992
845 858
845 975
845 977
845 995
846 920
846 992
847 854
847 878
847 948
848 855
848 874
848 883
848 934
848 950
849 920
849 951
849 986
849 993
850 863
850 877
850 979
851 856
851 865
852 891
852 895
852 900
852 974
852 987
853 863
854 860
854 876
854 884
854 951
854 956
855 899
855 945
856 945
856 976
857 902
857 942
858 906
858 998
859 924
859 989
860 960
860 975
861 877
861 896
861 995
862 962
863 867
863 984
865 868
865 916
866 892
866 938
866 940
866 985
868 932
868 975
868 993
868 998
869 917
869 948
871 883
871 916
871 967
872 908
872 942
872 958
872 981
873 879
873 885
873 947
873 990
874 877
874 951
874 959
874 976
874 990
875 932
876 893
877 895
877 910
877 913
877 917
877 948
877 975
877 978
878 901
878 919
878 932
879 956
879 960
880 887
880 889
880 962
881 931
882 927
882 996
883 917
883 933
885 984
886 917
886 963
886 979
887 990
888 929
888 935
888 997
888 998
889 899
889 970
889 982
890 987
891 893
891 968
892 927
892 967
893 978
894 909
894 998
895 906
895 933
895 938
895 984
895 989
895 994
895 997
898 925
898 930
898 939
899 921
899 961
900 904
900 906
900 935
900 942
904 942
904 956
906 949
907 909
907 981
907 983
908 917
910 994
911 952
911 977
911 982
911 997
912 956
912 975
913 966
914 974
914 996
915 946
915 957
915 961
916 917
916 933
916 957
916 958
916 977
916 997
919 930
919 934
920 954
920 962
921 948
922 943
923 928
925 935
925 989
926 986
927 968
927 996
928 930
928 997
930 959
930 997
931 982
932 986
932 989
935 966
935 967
936 952
937 954
939 947
939 968
940 981
941 944
942 983
942 995
943 953
944 961
945 960
946 966
947 993
947 995
948 998
951 993
952 988
956 961
956 983
957 959
957 973
957 987
958 978
960 974
961 970
961 995
969 986
970 972
971 984
971 991
972 975
974 977
974 987
976 981
988 990
989 992
